Sample: 0
0.05115693547037863 -0.18734642125712872
0.38524447309864984 1.5846344954244247
-0.8078964646442005 -0.5964981062529999
-0.4075946649141158 -0.6513843328395318
-2.580687641782769 -1.1145546463996634
-0.303082791704019 -0.6868975931327856
0.7567804114842434 0.970707056522456
0.6509609580345597 -1.2757879541257369
-0.47310378647402845 0.5909578972513557
1.6515558240894317 0.4265064720306355
0.36883588607061946 0.06685900159929213
-1.2622537082834862 -0.09934166143052442
-0.48555084207718446 -1.4612112467339495
-0.5142470867009913 -0.24861597102522545
1.3568886392992834 0.7041499356070782
0.0812139463462937 0.1980450574574511
0.4693379821771395 -0.45936657011643983
-0.6540009320998694 -1.5791266273541371
-0.7805821799388559 0.5548640903055241
-0.1607484303854768 0.3164067315348773
-1.1727740653698076 0.4845331536580858
0.029173483996449964 -1.8709317926574294
1.1117222226496408 -0.003087713743371636
0.8527811609826221 -0.4777412223880501
-1.820415426598143 0.2964285215690732
-0.39563717027668754 -0.2797988621452675
0.887896154718824 0.999049738091496
-1.381950470240508 -0.6889909402898604
0.0665095453402341 0.01460286801283436
0.3748228705305641 0.7457309256694798
0.5768385999372624 -0.8632176722763983
0.0010679513239939156 -0.9700934856563382
1.2802486585981514 -1.3047199655343493
-0.23140123679449034 -0.06360454619521792
0.31658757816307137 -0.7070723510530454
-2.324311704083472 0.7855565459897372
0.6712280580551242 -0.06205514834739269
0.18210901939625504 0.585024433691429
-1.3726197114146073 1.3379276978910288
-1.4743422198015956 -0.8210196287863243
-0.8599095391084487 0.017746376677102944
0.6919142093620224 0.09682017911158115
1.7015743151626093 0.3654785780304248
-1.1882321451882327 -0.40861268557631464
-1.4823694103984209 -0.6097537630701703
0.8852056838489015 0.520718867174443
1.3684263932706677 -0.559647550755303
-0.6920073957359597 0.19198300045557673
-0.17338662940277383 0.6520677037412888
-2.5005531120844076 -0.27586720213428206
0.5975942030007598 -0.8804624937866892
-1.581408837471575 -0.090991590866896
-1.0395420086947462 -0.7154422948282434
-0.7894029392508879 1.3232028997153062
-0.25859662651248894 -1.1576181713043845
0.09853037016030217 -0.8845105717880245
1.0076003951443606 1.224850823830844
-1.3396575292064452 0.006289963866578614
-1.4217924059873817 -0.187267641007722
-0.09842723072622563 -0.9700831046295343
1.4725034431072905 0.4768573677285908
0.5822900517028354 -0.48588958421894196
0.5975312003706097 0.8931100673736674
0.7898949278011552 -0.1538610912707179
-0.32630194968757714 0.42802508563786684
0.34805454392637725 3.3367672134562567
-1.916364990299156 0.05676175074659378
1.0947482928313759 -1.6610428538297086
1.7800840111855287 -0.10955110120874412
-0.46329770991143193 -1.4851994306591028
-0.6623333738091794 -1.1249817832403612
0.17616880788737302 0.19163302071635474
-1.4275712825370899 -0.031997389729620414
-0.13336002487140897 -0.21755831266502704
-0.1406543269402181 0.8777192590631556
-0.35034816837057825 0.9507545913218974
0.591501274278702 -2.0378311392744837
0.4623658574459948 -2.3602914720011463
-0.7204686101978585 0.6058965908529983
0.6024001954778533 0.8788796322970355
0.11239578514548514 -1.5757437308839415
0.5342952658024807 -0.3546160182464668
-0.680818227343529 0.3312673615076206
-0.5943704672560322 1.4488832505198341
-1.072823762549338 -0.8961756669054424
0.6930388749195616 -2.1254654478154213
-0.5514084573603143 2.434441460628026
0.49245214727329256 0.42531968994968183
0.5218607243042775 -1.8874342000240094
-0.8199216763863756 -0.8097610737766058
-1.0951065176085288 1.2133567486512504
-0.24122310174031955 1.47750137514924
-0.5382585196954034 0.22664031402890225
-0.025019178165245078 -0.9701162145604929
1.019125638688383 0.8239404737834461
0.8437893934802712 -0.4845500062260546
1.098873625995567 2.05115892200438
0.9270694979355317 0.24971349021894956
0.6579408888185985 1.5008069209570825
0.09412330040753672 -0.042629335967690425
The number of Errors: 100
Sample: 1
-0.4142376847453695 0.09452618129913828
0.8526916664152083 -1.139845736109504
-0.6778917247491393 0.46492982036625713
1.4522936425654 0.3202392343399046
0.46546527178708225 -1.4352741963472793
-0.8387961355112235 -0.2824217277263277
0.24086629929630105 0.4447200562050356
-0.06961353866412309 -1.5068233777326676
0.503788407317206 0.8642094332659243
-2.1287894890621506 -0.6377152934821514
1.488838606419476 0.6101831406766535
-0.6827719434911463 0.1540412922407925
-2.178931032436245 1.15215074014791
0.2102511564087698 -1.7295832434450376
-0.4432593587900323 2.6893430979023285
-0.7388563694238274 -0.2482546734604804
-0.7222661897395255 0.5996464526541331
2.3103373446716837 -1.1860593369629622
0.6737578609178181 -0.06894840147882253
0.43424700515877634 -1.0401686336059444
-1.9590545842942924 1.0489972768543707
-1.3596686642204179 -1.2686757826654147
0.7886995132873038 -0.21831623319883725
-0.6453347094839386 -0.28683956290266027
-1.2084984264437715 0.5424709402325447
0.6797764922673311 -2.0954432582243223
1.411697613957221 0.33411966857676006
1.3161664203860182 -0.08313767321790387
1.41760619287089 -1.0969473364905473
-1.18918654940344 1.2911164430769428
-1.3353491217418219 -0.7611133711654336
-0.07166004870812767 1.625668582100048
0.45508263506880897 0.6650334166410223
-0.4958450534813937 1.1735252796744406
1.0867774876416447 0.38834860133225185
-0.2787683251364426 1.0420270235729054
-1.1078559405234405 -1.2974101147680737
0.016343734821176483 -1.2050936675413377
1.0231383541747316 -0.0153586951567289
1.3870473848823492 -0.6904353925157618
0.6617677933107845 0.04661056311586789
0.5173543106421076 -0.9027570835140858
-0.503216906396262 -0.10241153137352656
-0.47572123047267184 0.9949755035226577
-0.27269356259098865 -1.72871124914546
-1.9442967029425002 1.5121336151392357
0.7198002269416452 -0.10917019305847063
-2.3980128989301432 1.26824696568796
-0.42124794594037085 1.5231586172500111
-0.6832957995748382 -1.037079675709674
-1.3161003359021344 1.0702385345821788
1.2158096629093977 -0.0004144530853048764
0.2662814461656097 -0.23834174511621187
0.8889691217441138 -1.004482798246016
-0.6100860959593113 0.715132443390029
1.4213304249183718 -1.074111000716866
-2.6417339310602923 0.6227463124773495
-0.7387656347555983 0.6729928787595134
-2.2619325903811873 0.5767830046473214
-0.905704221881261 0.7004446242071855
0.048993602922476516 -0.6347243486545794
1.5214513383422406 -0.15797542959217886
0.42399528732501107 -0.9687520210157669
1.1112982116814636 1.0177968173440834
1.1089003949249918 -1.7023529715004615
0.31457704199247954 0.33161626915178977
0.5172004810539171 -0.7962816512296323
0.16701001837570653 -0.9554391860291097
-0.264156555633066 0.4183689148438761
0.20778819227638295 0.23865943683439006
-0.8502278485893277 -1.3161535961027553
-0.1087937525799277 0.03155102380635452
-0.9344201061044162 -0.11924220227999663
-2.1802062561459645 0.9215608347482825
-0.49984655658064087 -0.7425705939527981
-0.4446901846308004 0.9620521994624499
-0.29266175509678904 0.6849224830008954
-0.7765741941133292 -1.255806351104415
-0.3827257913810217 0.5662272281558237
-0.05749571210548912 -1.3959163288672278
1.7669160675865647 0.8363752771599142
1.8569258155043105 0.9402510425175696
1.0637373425001981 -1.7175549276359574
1.8093958578050329 1.520756447363128
0.4078221851238116 -0.8841116622198685
-0.39804463127111567 0.3956710790693779
0.8537515219402353 0.9912168951744149
-2.18437953181059 -1.3804903659253362
0.32115886328608795 -1.0513904902130708
-0.11630874153372603 -0.3547314099851249
-0.10383527545114811 0.6514074446706709
-0.6586828836583173 -2.4174026525263477
1.6793064548095085 0.44491265828233756
2.0407001859510334 0.9566671336633397
The number of Errors: 94
Sample: 2
1.266455915729593 0.21512055611553088
0.6676132517525781 0.3833837397817639
1.204295042857716 -1.6463773765646668
-1.3553466733264719 0.353552057580142
-1.222501080143441 -0.28157033144998644
-1.1848084281167464 0.22776430427760944
-0.8152944118049072 -0.44030654321583795
0.33115878289742723 1.280761984272665
-0.12496421982746603 0.40885286508635
0.4228148655156453 -0.7321939256198754
0.009753009537409506 1.1609780046003377
-0.10849370849206236 -0.6512475490321096
-0.7659990374623418 -0.9033467228540305
0.36391623996882233 0.28988750645846845
0.1460626552012696 -0.13624483484533464
0.44469606553004726 -0.5152230737729879
2.359185954728001 0.7263425311085311
-0.8268779961420554 -1.3852125396251893
1.9781337335438245 -0.2859782217668657
-0.7518197989657068 0.866351952654128
-0.6055970594449637 0.7391725271168338
0.9714734541186718 1.8335882193796464
0.30725592118438405 1.4690623554700186
0.37469327621833803 -0.5305045605795266
-0.5880440413438498 0.5878704618485404
0.49362174345135945 0.8486672124443645
0.16433377146458034 -0.05516752786302012
0.6573971869629979 0.5766323528294319
-0.06789921450918926 -1.9105681986810317
-1.915556388410914 -0.05604409820076341
1.9786929581715318 0.7501873629451878
-1.6631557028799955 -0.9469888060590573
-0.11342572541689358 0.8146879457967658
0.6762272555127816 -0.44164012518450935
-0.5052518020367238 0.6328878649522012
2.539949018230492 -0.632894797788512
2.981099616736213 0.43088654582548436
-1.3829985252259291 -0.5047376545422728
0.1714133545459455 0.9809102218311124
0.4218185842610649 0.0897297088223953
-0.8737012981555071 1.3015986177292107
0.4684681142019086 0.6049431182702808
-1.2492234509775302 1.478379316393611
0.8449078357655507 0.811140095187755
1.5531282473928516 -1.347472147293851
-0.04389880201075724 -0.6140615701772691
0.9659891196345042 0.39880323350980684
0.03502040825049514 0.1622973180945087
0.17832117660593824 0.30173189507030285
-1.7934180744513506 -1.455132348337448
0.9218732767024546 0.19649676565497404
0.6865394326751373 -0.1839259104056746
0.39435283124378573 -0.8553474827589669
-1.0428543205815275 -0.2547771899135609
1.268508112615865 0.40268746592689975
2.591205011751587 -0.34121497111688415
-1.4177040307483337 -0.9539958836830945
1.4395846996558352 1.2855068318778844
1.7633978769038046 -1.0574573653911532
-0.3078267332672111 -1.1651936293762175
-1.721851520338235 -0.6346050567559363
-0.3199201705832253 0.5417710234002282
1.1773903274010111 -0.30932251192709725
-1.1932259932018505 0.16199372740673496
0.22077561580040014 -0.32206449168596907
-1.731618440779885 1.1102111684455043
-1.2777921808220158 0.7013003804463281
0.835665670324998 0.3530270257476872
-0.9995821621341713 -1.0094483601350406
-0.21718700567458862 -1.0857386975885268
0.48479762952298666 1.521901435647212
1.2900356030050608 0.16501297225790454
-2.3556912787454074 -0.2326075815267278
0.4743608410026926 -1.508597228416381
-0.28640375735275014 -0.28328002342751213
1.3599995193501628 0.18895898161264857
0.4598367321239064 -0.8502807839219788
-0.261277749395739 0.2566028654272062
0.027136692919125585 -1.3319819807437996
0.6327251618971046 0.24678515342164437
1.2461759550279572 -0.014394710930170862
0.42755872725233524 0.02783170819051048
0.564285711288019 1.7504978162181204
The number of Errors: 83
Sample: 3
0.4483285390024729 0.7778052782187733
-1.5923151189174996 -0.10201053729066231
0.578177303547544 -1.5187858428506338
0.36215904339615707 -1.4487975847983003
2.208387290702949 0.7667247634599296
0.013223800047992618 0.2553990610261446
-0.050180177829885486 0.7479165872255904
0.9052784618255453 1.7431089288498025
-0.22929042391033702 0.2512907050826044
0.47708288590977466 0.1715577990275369
-0.26011266355469376 -1.415229009288769
0.1141774463426695 0.74082500052624
-1.1172604531094552 0.6165911041563206
0.7426246397507429 -0.25869628193745103
-0.2654618479225306 -0.05435189419971165
0.33748194431939915 -0.8464446710491473
-0.4403732989837509 -0.9723105393257457
-0.6222480937831952 -0.6495309148924551
0.8119200816877754 1.241810381735531
-0.140793262976715 0.6636711209700488
0.786580849973656 1.1856547975547371
-1.2715189365209671 0.5053937764475952
1.809477682604348 -0.22111615916771563
0.8944418106740003 0.5200898255821952
-0.7196802637822133 1.1675868458066427
3.29108950907577 -1.401172740295493
-0.574522886945803 0.8099546463881682
1.264327059918997 1.883950424821594
-0.5106531920104378 -0.08909364029098224
-0.2753130551823425 -0.15343940230994083
2.4657593761882857 -0.07478466269695384
0.4948634573414801 -0.24710800873824837
-0.3517109233428365 -1.2739643160730811
-0.24936908577386122 -0.2880960728743076
-0.2610811165287874 -0.4760487092223976
-0.7360069204720276 0.9062262057968643
1.0084847567242428 -0.2257891136902722
0.7044676890217194 -0.13418164785216455
-0.238773525671625 -0.07217676190094674
2.095668197268667 1.3495793245646488
0.6224636587782847 -0.9516169638943363
0.3453552086029743 -0.47254668939193867
-0.20896642260200785 -0.1161712789134631
-0.2492400446349212 -0.26095380518578093
-0.48887798452576414 -0.6649579472274632
1.1231584926589446 0.036428315830721404
0.05492700851068122 -1.8722164120578393
0.21167352021525856 0.635775356312111
-0.41789027413770574 -0.9942297638967413
2.2012120017220185 -1.236284621136762
-1.196521853658328 0.27084067844112103
0.46750857321455613 -0.2290162247219589
-0.34321927440690303 0.7320313840915812
-0.7257485844458155 -0.15778848764969575
1.7393711837456742 0.4924504497443864
1.2064819172407806 0.6578799295986875
-0.3738013044696812 0.387885829976252
1.0325333714291827 1.8092617789598078
0.747290342659085 2.1589008420769504
1.9627287270667129 0.2015846682666934
-1.257617417498616 0.8557483917241114
0.25851025776565084 -2.20943822716613
-0.42470856383495326 1.0195463902246655
1.4662338666789407 0.8709965788773908
1.033265629376398 -0.8090222085944868
0.19783241384309208 -0.011318205275540833
0.07931504556539455 -0.9234404540016165
0.8957105745567158 -0.5394456368108904
-0.08403795461110308 -0.1886788494927132
-0.317664301371832 -0.6558963120851201
-0.5705049654015905 -0.49737800601631854
-1.6011153766307313 0.5706577663625008
-0.12627158948775605 1.0390066982614414
-0.4019576352015314 -1.1989260015701935
0.8418187190492269 -0.17384297785459385
-0.19092417846264995 -0.6371318538493845
1.0478843786578582 0.8711046613381555
0.20080774371450116 -1.401204668166
0.22244456419250896 0.5261483594228975
-0.6637611051507158 0.6064205073741431
-0.16769366516013687 0.26654549067174693
-0.5312557773182739 0.943640881337225
0.7849622007219133 1.5530083285428904
-0.8057669703200724 -0.2436144366405256
1.2354824296610607 0.45535362018518066
-0.24824977187403732 1.730254749374484
0.38899637893244926 0.8912532278230023
-0.30062743802453085 -0.26742124006160584
0.8647288444301137 1.1559500758835617
-0.5715917592433177 1.8981132082321244
0.6836556288934903 -0.766212397065645
0.15451509174291936 -0.7911246373028225
0.17311364415920782 0.6373929001944613
-1.1475392235951367 -0.116939990622659
The number of Errors: 94
Sample: 4
0.6376347579307075 0.46417599994245295
-0.1225287419083273 -0.9805394061329444
0.15864412773962397 0.049185663945245844
-0.035087444908806914 -0.2301769134736762
-0.07771717368766912 -0.5394519973696872
-0.4410278486865821 1.187032590520351
-0.10870110739856448 -1.968531719118933
-1.5999538565605278 1.5609424265524243
-0.31506258883292554 -0.16063379747569745
0.4562480342429298 1.9440647717061905
-0.9975887402890666 -0.9742526473308042
-0.3840211281298561 1.0880051823548182
0.6228317550655842 1.6577806722781143
-0.46603593580503483 -1.2914064179143472
1.1026550015692975 0.11900452026153967
-0.2946627670158986 -1.3501115416794065
-0.7663399242853932 -0.21425092219242375
1.5594971723502271 1.3307962917635743
-1.2165394019948517 -0.1014762039544212
-0.4277526481669694 1.3261233453237045
-0.7457530214103227 1.143889877691326
0.7648058689830927 -0.3215947982924971
-0.6251092141040122 0.8667037493797649
-1.0227200194451782 1.9932062488681137
0.8766350268009176 -0.4926836117749545
-0.349357320558422 0.9215848805111715
-1.0815949919943124 0.3480629928759172
0.2894229089195222 0.545134630755746
-1.0994990461673735 0.8686873411137572
1.47455673192204 -0.8939847310786723
1.7315398641307318 -0.22717809984558443
0.7624634890571081 -0.019477461911039714
0.42323869609322146 0.985235076555589
-0.6689644320228304 2.689110209355959
-0.16429246027993089 -0.19533572302210245
1.0108556742846606 0.2388790959519979
0.10108190098739127 -0.6293935089664251
1.891217452648842 0.8958803305704979
0.5714126158843864 1.0010674496099403
-0.6409097891874003 0.3928519781889255
-0.0359618532054794 0.14796884275119265
-1.36496543095583 0.9315630626549716
0.11165745094900215 0.1001634901601333
0.5815105092489653 0.6635606878586441
1.2915995352947556 0.24348693862811155
-0.35141221196595684 1.491659419035973
0.5678941241507461 1.8067793253148257
1.755597067660876 -1.0323558632027376
0.5066229279458982 -1.7996218544000306
-0.4887612373884687 -0.7829648450344089
-0.5210318477746294 0.6136939095033674
0.3211561709464645 0.3629811136559745
1.0560477899742668 0.26003700050541906
-0.3708550902624423 -1.02257593308228
-0.201966214753099 0.23109086738055798
0.37219508571896165 2.174199093333255
-0.6439269086743593 -1.7862755654339544
-0.5042932968854246 -0.23987973646647898
0.20648681300235916 1.1242819087709162
1.104113115966095 0.38564192562675453
0.10983555325398614 -1.306479765245209
-0.10465969371221354 1.0320368549289687
2.733790119443103 -1.6215594884387776
-0.6800877311192015 -0.290409495166963
0.8675222047576931 -0.252254512048785
1.1934198962871194 -1.1800732692008893
-0.3679001287523141 0.42876048046666426
0.4178948213044598 0.4793597853611595
-0.878888467370577 -0.8812255205826154
1.1948736153037396 -0.7923153763477906
-1.3956905426329351 1.8909337305123863
-0.5168626011513917 -1.3507339336992126
0.7445762319822121 0.07164357598728795
-0.19415413669948753 0.963266967432593
-0.979701853287513 0.26203450706854087
0.01115457134698855 0.6794891105417549
-0.6664102538324879 2.122313563626516
0.5501219826978134 -0.7580227522560647
0.16505868629156584 1.1841998039422093
-1.2578396553982918 0.12708218614155775
-0.0783466848606274 0.9588840479574365
-0.06200445630181173 -0.7867730418114411
The number of Errors: 82
Sample: 5
0.4262758700614898 0.22487295521217449
0.6889375432345431 0.720533586192067
0.4914292613648768 1.911787369498866
-1.2737668273450002 -0.2245978026154417
0.9045549891986221 -0.33950812684588777
0.26071285857389676 -0.2011337088078004
1.2765298952469948 1.736514700529483
0.30044627598619816 -0.7095649751773813
0.06292664772829012 0.62475269595965
-0.13225039099214636 1.4137644493291466
2.2253181874708057 -0.2608249485258381
0.023349324506459934 -0.3418153650661222
0.19094318109857747 0.7512408851231597
-0.015373732327557732 1.6404250194446857
1.0594891421817247 -0.7229283683924954
0.6063803040412525 -0.4873096272765226
0.0648084429839188 -0.4528609091660498
0.47668530215854377 0.1363071640407334
-0.789000796870521 -0.01956116336903213
0.05174972617301584 2.601638246561616
1.8643267793216804 -0.5855315902711188
-1.6509320473657214 -0.6055624135589722
-0.4514679874715428 0.137656351326015
0.23856926133215914 -0.7405917230939939
0.7138877208614196 -0.6666344303941606
1.4812858440105066 1.9168192641342332
-1.0743473534140324 -0.4642661285932099
0.7712551657485593 0.544381916317046
2.714601655963861 0.4615930100940763
0.9999228027139534 -1.2716716350450876
-1.5650826020401698 1.7317796540703632
-0.35575963278835865 0.4572268420421023
1.3210675644722198 -0.03630307322117895
0.5869115224539552 -0.6646651896123017
-0.8170160945343535 2.70058898731668
-0.3925325120919573 -1.4202679379501328
-0.5261988650708066 -0.8523100668929728
0.8732395833115137 -0.2277766244235161
0.8798115946703599 -0.5971520755188264
-1.076285685472958 0.8894847473755315
-0.00863256441122999 0.5271887587338397
-0.5937250160747318 -0.697222449718913
1.980383840186951 0.6924996393953333
-0.5446901457637693 -0.29182029917978325
-1.0741692043546214 -0.33620509319386593
0.5340890695208707 1.023631951412714
-0.6284662178944691 -0.12689982153304513
-1.4542193028336183 0.012194990316222148
-0.364019955059673 1.0791747663215154
0.9235637090121809 0.4135956564643243
0.17586638319243578 0.0034691526677979034
0.007995126481310288 -0.5269080476394489
1.250110068093746 0.5207655666616829
0.576115733545307 0.48453744180261227
-0.43810271383068233 -0.20342280364959348
-0.011576944949339918 -0.5302055829792611
-0.2526717987527215 1.2335263172887163
0.7408116309863311 -0.6303944766588129
0.8736022984999949 -0.2989492056057387
-1.606216821190176 1.0540476379509636
-1.0819313118788356 0.19276586272618335
0.12382680421634305 1.383016195639771
0.17466527540358012 -0.6745192800205375
-0.59254901883324 1.1338058429669924
0.1739337461726377 -0.014805868514123355
-0.5284352397077418 -0.3129051336816795
-0.6424406062675144 -1.2172510132538694
1.182980690716744 0.7588725075368077
-0.7993595487852778 -0.9956548492999135
1.666353586209308 0.5360576679292298
-0.9963060964864052 0.22843548119204488
0.44195489356955503 0.7002773769228773
0.04612650915976527 0.1659899855559915
-0.5690564741337399 -0.22662447399360958
1.263903487690676 -1.2546653152604887
-0.22449279325002597 1.220523731541386
-0.31220152560637404 0.3008557314713135
-0.2541074812285893 0.42147568586940426
2.176370178997214 -1.1175850598512003
The number of Errors: 79
Sample: 6
0.5744035616342931 0.6832776462198429
-0.807577586899207 0.017746529699746494
0.4262208157990014 -0.12897178034449358
-0.4131371608332784 -0.0642314402476018
-1.8092550178158315 0.07416007793009974
1.7776824956195612 -0.6019758578345676
0.04966678879848621 1.2460651218689187
-0.6014575987511688 2.940245838631569
0.38014685958013683 -0.4386242764709976
0.4577659253724952 -0.2319333143857632
0.6674928963188261 0.15227026315386305
-1.7303147945663826 -0.6065493580813861
-0.551086926232816 1.5343607499702525
0.2865334799471579 1.0016678064180933
-1.1690726416423196 0.3010488858117644
0.30932505515678876 -0.025086718178857187
0.1636530167330021 -0.8775157697735014
0.6120212296394604 1.3112443231229678
-0.6113739643842706 -0.3584566814109434
-0.8559771194056494 -0.02726469355423855
0.18225543091941032 0.5596302680614739
-0.2868343911301276 -0.2691655147826371
1.2654046629871332 0.3939805920641532
0.014521018022958085 0.8137552786255279
1.2854972675718128 -0.22638726627951147
-1.3281659582873262 0.04330953254395331
1.5898217422370708 -0.5845335645311273
1.0749171947631526 1.3790261026510682
0.709950297913617 -0.45668009903528733
-1.3501570627646526 0.12572949529495406
-1.6466850342719368 -0.14022078096865265
-1.133173060263743 -0.3268885789039095
0.5025576183591851 -0.985037128923256
-0.19465863681291506 0.5400741332361367
-0.060028945506837926 0.24514303759444867
-0.7157611438111089 0.4394250614012718
-0.12977386828850512 -0.33374661766671526
-0.05302756934754238 0.5894243861799103
-1.4180059887864698 -0.8486897455773208
-1.4675403269500396 0.9578983160259923
-0.5843197111479788 1.147834546756611
2.217247719162103 0.42956306196614746
-1.4041704499576901 0.2429875604408175
0.4497892509612142 -0.16066604828332454
1.9649984313464195 0.5836835336848161
1.9251430907180584 -0.991166284945995
-0.31511481831630966 0.5496000029394296
1.443679622723745 -1.4732606572091618
-0.7400345974422546 0.42944566300531617
1.9913147294935698 0.7143372553156168
1.2237741232239299 0.8314437282723852
0.31123254922280125 -0.0004963271438985875
2.668280121748893 0.04542139859079081
0.7900769603953469 -0.4388268488901435
-0.7852327374506122 1.436088678409916
-0.10403381583237858 -0.4726580191875605
1.0677714274074146 -0.21242637810154597
0.9143156411780597 -1.2906025275217956
-2.5453457669215256 1.516587688466464
-0.49720442346327426 -0.5993366736038501
1.1521506838915818 1.1822208141834327
0.8063728481132267 0.9983452843043684
0.7343739759167625 -1.55660062312725
0.8655633125074982 -0.3449450432132533
-1.542322622724302 -2.157889162891171
0.014421750238716002 -0.4385861691115284
0.11054005953880736 -0.20762918106543132
1.0410773665653215 -0.1877817519736064
1.6034462900028472 -3.007377256880291
0.6611163482602742 -1.3463522384571225
1.6015582993790998 -0.5869696317061303
-0.33945302226612467 0.46524566812075074
-0.2402178891558527 0.5773538066381528
-0.8544861048698258 -0.546518869742149
0.5139703098640835 -1.2838088816964526
The number of Errors: 75
Sample: 7
-0.48321829986310894 0.9398100414236025
2.7043412167651355 -1.4648252492107725
-1.6762180668270998 -0.1260933926467111
0.09263085997675209 0.4161046892101414
-1.1114715276406284 2.009865503970656
-0.6095459795172976 1.6380378235510344
0.39017517335786533 0.05638749918990074
-1.8271104222921384 0.884621478705855
0.6274138283372664 1.657159483342127
-1.59263418306233 -1.4654120505369903
1.8436398786514892 -1.0485055519153583
-0.38065908364357726 0.3087192240929176
-0.4897907038522261 0.32884118381195954
-0.1859289328862167 -1.8860802145537434
-2.041868215542483 0.6334130577364541
0.3318773639156864 1.9200954612588794
-0.6557931040946748 -0.2989580818899835
-0.9002484849267437 -0.7634970470085277
-1.0656522566286988 -0.3903262431727921
-1.2712768456375398 1.728678725566553
0.646741830075795 -0.2852946372467238
0.7258298273108827 -0.9683157763510556
-0.5779790356635596 -1.4851574626512796
0.055868306762002655 0.43340732400338433
-0.5875901018711266 -0.1954400850251129
0.17176611556909357 1.3108731799320834
1.7815056330681105 0.05627084888904133
-1.9740031614717104 0.6412060448002183
-0.18930007282469208 -0.25758399210936245
-0.3885478723014707 -0.985844741169584
0.5403130152097627 0.5889528750139078
0.944788953620339 0.284505978101541
-0.3053986197194841 -0.22911420402328408
0.044016659394193955 1.2320852319965903
-2.174778586596832 -0.22122014110281363
0.43919153232344094 -1.252521166266472
-0.16416366218941958 0.7576036375744883
-2.6874469980808176 -0.7276657242771879
0.795971379887143 1.390197354296796
1.3819665767588554 0.2575729312647857
-0.42847110299667546 0.651191566423097
-0.3252175072664377 0.9190136556900225
-0.8510490617466081 0.37151934918173113
-0.897282928771474 -0.9520619327417493
0.33883739720181216 -0.17225495829720772
-0.257518006073312 -0.6429822843971504
0.15883793844424585 0.23421032255237315
0.955839639811133 -1.079358465113768
0.35240481248993255 -0.4890107490039739
0.8212638400443308 1.8240904938523905
-0.8074189039220111 0.2724727396965086
0.17614525128552028 0.16110151559830507
0.6377135176636735 0.49421313433692987
1.2902115020079052 0.2630416234545184
-0.4386221418191002 -0.3982760358162075
0.7451481794246637 -1.2606831332519262
-1.0156838446212608 2.2305370390324053
-1.3913296454793564 0.2454983601383886
1.3126145187398843 1.3219371273835463
0.5272041359207884 -0.4480117812679465
-1.2956518078232375 1.8734404417781059
-1.4003084795617 -0.08954930635383385
0.06979192529417277 -0.49361280281146414
-0.4374352481192383 0.03543363742746436
1.1668393916527762 1.0905953440459013
0.34098921846733543 -0.4677943551910826
0.7422217279997614 0.46887922012581096
-0.2616104926516105 1.6184165397532144
-1.4496893832412825 0.36489336317532073
The number of Errors: 69
Sample: 8
0.7086000149805286 0.5058984402444351
2.6326811638448886 -1.8376204345385303
0.1344881850085719 -1.4776166896720997
0.2870598851126203 -0.45190993558292647
-0.9493576423534239 0.451786896125729
0.7806465527673286 -0.08799510858905171
0.45458338598186643 0.18823866348020707
-0.7299426388119016 0.6649614313849458
0.9494115975753137 1.195174902567979
0.7502104919714325 1.479592483962412
1.2431387080651155 -0.14087938239248907
-0.818706924219253 0.2021117691583378
0.13147813676413717 0.16451613037579346
0.2565352212466606 -1.387305247335345
1.9991305729259536 -0.39393137979502574
-0.04982238061766214 -0.6325491992897748
-1.644095300142817 -0.18775929091265198
0.025456420699399906 -0.5170058316065238
-0.18128015453019775 0.04927046962736498
0.21657830184599802 -1.457677550695462
1.1978716871286295 -0.39312995533955747
-0.02209755009181613 -0.695244342996932
-0.6453947359001376 0.2810772398404801
-0.23560952885363048 0.38779171569456156
-0.773224520664425 1.4350618303626417
-1.4564974631150136 0.5908396379344436
0.6256969462660882 -1.8405805248558003
-0.08628911827118302 1.622639877906974
-0.4372404117123141 0.6149122759737764
-0.7122441231908331 -0.5577641464872267
-0.5204892510529108 1.4957181317888382
0.0026647549069303 -0.8750109910538929
-0.9403030713768935 0.4816081507694936
-0.6814822869205072 2.0910304313342425
-1.7188275299408264 0.00647419422688883
0.5543017459772754 -0.13856632775118083
0.36225775157547296 1.2136307314160046
0.5454041399902101 0.4053211084484622
-0.34392909031753127 1.5872811140869247
-0.06665551836969523 0.34778963428843623
-0.9063137630760708 0.4473438705945308
1.0123175384796603 -1.2356521218968672
-1.2173618718802968 -1.0470419040283643
0.17397669232891352 0.4539264008047915
-1.0014766738953202 -1.1624386090734777
1.624151227942305 0.20024095730242292
-2.355692655484494 0.7619847709586725
0.5452549914113045 -0.6308558484717114
0.6128681180541324 1.4386238703126024
-0.5830912303831499 -0.4935127237003817
0.7474113201169654 -0.16550175263427616
-0.410920855480001 -0.13214515199963872
-0.22900581673230627 1.618238852296313
-0.8626016280253871 0.6166360833351184
-0.5920928044236804 -0.11714517698933036
-0.6499605307322281 -0.05340428419711257
0.24841559918359815 0.1255020631606441
0.9982145475928623 0.699925350633771
0.2976866860527286 -0.5414424200228897
2.0627175381324125 -0.17992795705850217
0.16424774476472517 -0.22649291031897356
-1.8786137043919622 0.3889566031544162
0.33677715262725466 1.0986952747069123
0.6223936645747584 0.3178457849410745
-1.3185140119249499 -0.8481314464846527
-0.7745814778144273 0.7627185971108232
0.16663237934976102 1.713341569713193
0.31299967754476893 0.47172730835730076
-1.2056773568707992 0.9427706442414141
-0.35962342070824826 1.837453164427427
0.09723423180375053 0.4994373453612387
0.22847377665148894 1.0841937978319363
-0.5244954845537894 0.38219572676022023
1.6189057772905342 0.2662473494403785
-1.2921647468119217 -0.9646342412181662
0.9375857640415329 0.8224495398338174
1.079668785434952 -1.9624298653527297
The number of Errors: 77
Sample: 9
0.2867843392682918 1.3004359149896263
-0.008077471165962524 0.200071345811697
-0.5858707354425241 0.34893403667041345
0.595254380757186 -0.9114753430023239
0.2559361226965767 -0.8474996753181472
1.6101783658803115 -2.0483528426501088
0.5268609566212036 -0.8996755338755784
1.2113866306178964 0.047315227890991025
1.176103969150615 0.6785696751380275
0.7869016596891947 -1.11758725692321
0.5156513347423761 1.0655430982753809
0.512504028640275 -1.4640589001749778
-0.15678044494129167 0.6250843185979191
-0.3816320487320609 1.518040606327431
1.066716481599561 0.5422117168223
-1.1021555125990976 0.06456501046906926
0.7586093557734186 1.3236353951919853
-0.5338712217893631 -0.5280290326678967
-0.26367882906093515 -0.5690044177122584
0.2579614359626957 -0.878011752162303
0.4170524238377205 0.207344722305561
-0.12149675501162532 -0.8944880774099999
-1.1907384340067304 -0.9987002548331336
0.11162485943491549 1.2874356156245381
0.3799008006381413 -1.102507686243893
1.4281808589212859 -1.3982983798905306
-0.8055231544327146 -1.4143866973513475
0.5454710260938741 1.2159262195960363
-0.49824012050148486 1.1364559668176397
0.007738589624642232 0.810327444430662
-0.7862644888331336 -0.5628134189887626
-0.11184064818913508 1.9011232850255628
-0.673339422621426 0.30486351893491503
-0.3233209435188154 -0.6361263342946493
1.3517675736321224 0.582045420171291
-0.41423225762982957 -0.19847384637405635
0.3445697434156697 -1.5525379039877965
0.1974479237072634 0.8248758375770046
-0.848409015766576 -1.0660784115617281
0.8475322156107827 -0.9644383922887542
-0.050142261102182506 -0.33228682222578904
1.1917127418937654 0.2833865498668395
-1.2399725544312332 0.9695036718409811
0.7328670363014348 0.1823178591680739
0.9856344975997191 0.5772995673096576
0.999083412437779 0.01962300459555076
-1.0083891754395333 2.178251399409868
0.042778023907254215 0.3678559234249469
0.16136114932431203 0.5887019303867205
0.9217618812099243 0.4370512283382517
-0.3706502576100739 0.87044079480301
1.0639892310969283 0.7425649233380932
-1.0705990711623479 0.11572531131685371
-1.9866233403421443 -0.5380554907042527
0.034563201556464695 0.04249332428950592
0.9270728008187125 1.8442081073810255
0.5114521368522215 -0.6713193312872165
0.08649273490488583 1.0236260945050661
2.208705520741282 0.2247969822156461
1.50314999278529 0.8362690750892917
-0.37045188665472345 -0.10219098641484997
1.048359655096232 -0.4870462417058305
0.3508838138010115 0.5338424689460988
0.17634409824918817 -0.9021795077300079
-0.06516004277802984 1.8625556431414338
-0.3015976929613475 -0.44282291626805487
0.900357260550766 0.79109800982573
-0.18851564823728834 1.394177690498494
-0.23537271418953837 0.3879336489959355
0.4023769405474733 -0.8123405781623014
0.8588561455535327 -0.9645166576433054
0.17485245239702119 -0.8312272773264608
1.3877707323542718 -0.2816544384997816
0.2907102237211207 -0.016578584782782877
-0.8043904230071834 0.601796032985934
The number of Errors: 75
Sample: 10
1.0616051075001853 1.435374280980588
-0.8604525015421991 -1.7593713777404592
-0.962576620662766 -1.3956778526659934
-0.05580327900660202 2.7113649626485476
2.229554578952293 -2.790130671137011
1.3788129152358157 -0.8098701689831047
-0.7354240293704497 0.9580730336684258
-0.27721496626259495 0.872671595693447
0.6420034765861592 1.261523820189522
0.19416668505016207 2.167858065285418
-0.790848320841772 -0.8273072093885037
-0.9503986157584697 1.3468814947714456
1.8864398357329577 -0.7027761256125151
0.01971397480832865 -0.4015588774413006
2.579201428300965 1.3901290044989585
0.982222781081757 0.5113852763815394
-0.21386914057355377 -1.3561373758761388
-0.26458935834918884 0.18839932158815675
-1.2833826067679663 -0.7029501594263772
0.5713834545954357 -0.137183260863032
0.24801550608986211 -0.22723827065481417
0.043171264277673975 1.588517397601268
-0.5601914333305353 0.048254845718197825
-0.7855383952346235 0.3557608739089688
1.1047410453179909 0.13100650427688876
-1.5852475725392932 -0.3994383290782487
-0.45235838093889735 1.4167620744661866
-0.3822847418323355 -0.6968268302697143
-0.49354016960400493 1.1909684642379998
-1.012307344799574 1.4667107383011628
-0.8661691220896857 0.47948480989901504
0.715101282836746 -1.2832060137233565
0.8153931766472412 2.1437363504418077
1.3072823588454403 -0.8948900111292313
2.4175414307596252 -0.5062920320468766
0.12961132614871612 0.26150379633372395
1.3520255396675327 -1.9196336602906219
-0.010749770837757078 0.4260926556293158
-0.46009565463897284 0.707220337419225
-0.694616508148832 -0.5499539097156891
0.18622974399522246 -0.0030190094636842746
-1.0287558971512962 -0.022959438196231807
-2.3921994533274944 1.7965926785337172
1.122170346140269 1.4828533773115615
0.9090560515205024 -0.3116620089348103
-0.42566217317376354 0.4877659117519196
-0.5188267278402672 1.4405453069392589
0.5707482937028696 -0.5295888018198147
1.3712399400102968 2.0222002733067206
1.4278316043860548 -0.2767049404469404
1.1921826926040686 -0.757412662819483
1.1065933586113357 0.029925946312396014
1.3191670699602933 -0.16790548932989008
0.41771379572933054 -0.8884981626230386
0.8417498432987621 0.6603234053728092
-0.05059781278754383 0.38218360508640103
-0.5626091710548331 1.1741196519610746
0.7419028835086474 0.31481822351586447
2.166273531657131 -0.3770124842464737
0.03765675887604203 -1.3004405247104474
-1.2467475269262174 1.9514576415574136
-0.33533881686565836 -0.6004453576085584
0.8147939377832075 0.7996992331571957
-1.0095016181055947 0.7109992211242651
0.44040125649096856 0.6416518962790766
1.7317737279977101 0.38043458121740875
-0.48995200245711973 1.851190566683081
1.0831437151542016 0.9270492014860453
-0.6094857846780501 -1.37553173174387
2.0874643263126513 -0.25147385733992783
-1.0025634872839977 0.935904515500152
The number of Errors: 71
Sample: 11
0.8129067993522822 1.1148828116094198
-0.5029549458880225 1.4308641428350866
-2.2054368728255653 1.8443888034290628
0.7025579379338412 -0.6327550636818795
-0.18501024465868687 0.5915044973533015
-1.500465671798122 0.09746318202614829
-0.5147152691848075 1.1186489151718744
0.5994630394810226 0.006009370216060439
-0.25819831443177643 -0.010110058429147362
-0.3863735163912519 2.2875503759417835
-0.48631376082348776 0.6308971231400511
1.0808793535943082 0.2496700650638565
-0.7167702031368701 1.0946843050690793
-0.6884741933510448 -0.5312141930529939
-0.5076998178380885 1.1658787656313774
0.14411116330914553 1.3980234007648074
0.6396196121137837 -0.46458480996502716
-0.8710973618265461 -1.0314848948100344
0.49337295743641024 0.44841990519364994
-0.22145441519670817 0.44122365595592694
1.6135744797038072 0.3580405270989065
0.3024693719376411 -0.6835329634846676
-0.40351427746937785 -0.685090140854274
1.1095452887886863 1.0041145394340696
-0.5921590806702912 -1.1424196161620308
0.6854149144983133 0.24228725810813698
0.49260516099646673 1.15486273819465
1.284285892454791 -2.1533897423779402
-0.30720645303463556 1.3564728712881802
0.2755203994129038 0.45635243797307096
0.24944283226617237 0.011249484310895563
-1.0197625581241896 -0.08189394044488241
1.6624340504988668 -0.7314171823403532
-0.049952758486781816 0.6228595605778344
-0.17767225628922068 -0.08844716445707956
0.1408139937254015 1.0363868409163883
-2.165605255857332 0.9086145469380764
1.4180169939418585 0.2231423193202065
-0.010631405161270036 -0.3194285663011993
0.8126150354270909 -0.18152600960007825
1.468440720545603 -1.1498876842412153
0.31246944722516723 1.6687269858603755
0.11278784822423474 1.0600007952392616
0.6831491839433463 -0.23663971188221655
0.36621792500342376 0.2961560685108256
0.22574968371747617 0.32143559554988865
1.8580103692042493 1.9582837152425767
0.14419876068230203 -0.5181194688753714
2.112243262508312 2.533074227618549
-1.5249257679794195 1.4788128796653588
0.2518130904256456 0.1701920770377126
1.1169546134995136 0.6225228528766323
0.6460178182334686 1.0091277693733687
-0.10884491379480765 -0.01200575924238001
3.2954085462354348 0.5783657454055607
-0.7167032104273588 1.0580477383602658
1.9081947366316927 0.006298580873324711
1.4361437546038403 1.3018253525773031
-0.029653571195622286 -0.0820168708436545
1.1012968996769719 0.2889824438633049
0.3239660190773431 -1.601352344364957
-0.18311474312557174 -0.15318289965983167
-0.3907190576149625 -0.5727735115516586
1.7102828095621578 0.2618861125701847
0.574982894545998 -0.429341101640489
0.1882237600470085 0.9265920173247512
-0.495381938156888 0.048534902058376184
0.3910162887628459 1.1828247229807696
0.7000947230544244 -0.602771311863481
0.5798627298421574 -0.6904379649027084
The number of Errors: 70
Sample: 12
-0.4585908587285811 1.0356785824131136
-1.5482506722152647 -0.8986146404376673
0.016868160503100478 2.323507281845989
1.3382708594812285 -0.500119006176995
2.477197759110776 2.0635177300323413
-0.8142812316682323 -0.35803936616419685
0.03609456545251381 0.7353207907320513
-1.1263105495174561 1.046976715389015
0.18420993298382504 -0.884886565773464
1.2545171179223213 0.4470659337530714
-0.15458402194429666 0.7719856488195028
0.33719056326561253 -1.3597169027562064
1.6890217473089073 -0.1327749698298475
1.1188345634821466 -0.21954051104473024
0.2409867811101678 -0.4954295133640062
0.0066203728929074 0.30512620617098013
1.2171706943417107 0.13284206951433983
-0.1654443547936143 0.658436314366282
-0.22641633822641594 0.6113277641748297
2.519062745911108 -1.541332870527568
0.38220727084752865 1.3876440710066826
1.039530329505544 -0.3580823033123397
-1.106491215060224 -0.07626658310365231
0.4360163001659094 -0.7527988235721538
-0.6694460615923558 -2.3616540422445844
0.5286150512485285 0.5121201619560272
0.25884820251087354 -1.052437609768654
0.4973906049011187 0.7827721163789615
-0.1262592030502363 -0.4619365029756265
0.05435364790821429 0.6356801147419964
0.23027365120169807 0.4734879296768589
0.027350288101585907 -0.6619910541789013
1.9428065129171632 0.4200119724831181
-1.0511046750095838 0.230237979827337
0.502822695873246 1.3711301420556001
-0.02258180690937095 0.14149424276452782
0.32157642395176844 0.4915355922171102
0.8566117460891248 0.6262718683718486
-0.21872553589109156 0.17833603666799086
-0.9311438955084054 1.9689173335780128
-0.43500781635396224 -0.8937058895639861
0.375756142811778 0.8882618289056712
-2.087494610070921 -0.10705540442440487
-1.2068627059342945 2.1458240436660962
-0.4764858781729916 -0.2225641608882114
-0.01869554767543269 0.0339543607282734
0.8133173898440994 1.2617479336018573
1.1195967099855295 -0.9584448245982286
0.4792655081148417 0.513461388646193
0.6545401864195785 0.3613325221319649
2.1462969779622716 0.7914035393468256
0.7065902846081545 0.5550260481699332
-0.3337130529615753 0.8331453087317897
-1.401219250707053 0.838830731911407
-0.21798351072487276 0.729206379377888
0.44483660562720523 1.3938110954796912
0.5922784577244196 0.3909387845685034
2.1244236316120517 -0.13226019261538172
-0.2229619653516327 1.1213348212856145
0.5151758285749576 -0.3877527258033545
0.861771032667091 0.8067047070107729
0.36095447152093885 -0.2966193294572511
0.7546852020964937 0.43965133677335083
0.10222736309051876 0.6426759390466797
0.23183791194995795 -0.32808246741590563
-1.1190865478187666 0.14282150267987676
0.638623865585398 0.04373055799641046
2.197702210564242 0.28443755398729176
-1.275392136131565 1.7358315723827988
-0.7046960845171278 -0.20842695187714044
The number of Errors: 70
Sample: 13
0.5323990565689105 -0.15515194655214762
-0.1034370570512545 -1.0022148748131152
-0.5260901556840519 -0.16200783785098005
0.5162072919771781 -0.15955725440717036
0.9109295671939887 -0.8789073534633259
0.6285090633284841 -0.35266688473449925
-1.2553167936537943 -0.5610550768039108
0.8680670591311319 -0.10946280114063478
0.07324673975070894 0.35342645843026466
-0.7909722479218141 1.456944178626733
0.7313392917311128 -0.38017282503196426
-0.4356562303080117 0.863167965317434
0.8217245708735096 1.0088225208539123
-0.4035953291418951 -0.8252043267506713
1.2664659600798578 0.09925382175265246
1.153677580548648 0.3447548228839185
0.5175331938985387 -2.07177469046183
0.9372943851627893 1.2844592900708383
-0.13796474594408648 0.139115047198893
0.4248868619154166 -0.6526384414700529
0.3819408325872939 -0.14081463605978595
0.11044458732393644 0.5904618120738936
0.26582385024198874 0.28944348785830065
-0.9300816339547128 -0.6428828635352414
-0.41532043121227946 0.6109600081009824
-0.15831549864451905 1.7979894132974579
0.5208299813866479 -0.852723334799245
0.7975776117597109 -1.072159332821034
0.40630436422872424 1.528463859192487
0.24063019797253227 -0.15153088606017495
1.509058654141996 -0.5699355289048967
0.2760257458006226 0.8455321044754169
1.049969472015847 0.9596851119428117
-0.15442888219992734 -1.0994793358574175
0.19168659165484328 1.3395564840525154
1.021369933850098 -0.8287568817129083
0.008088024361748047 0.0913660921512699
0.2736309112726135 0.9704240523504019
0.8530966563316953 -1.3732980139199982
0.8350070823186974 1.6382746331494296
0.8531684421588661 -0.5085918666117701
1.3273503013717622 0.0238521718910656
0.8021673916685699 -0.8016049919664879
-1.5490422294687543 -0.3064088496663139
0.22769927319769334 -1.781726154312954
-0.27328827654560306 -0.4054804998081961
1.3306208865518727 -1.06066576708017
0.19989533950058908 0.2005452873310139
-0.18477308031106307 1.0172178261188263
-0.774098318906843 -0.24194485757127326
0.9153471952763631 2.144809916956402
-0.03289653628712841 0.10264124555677245
-1.5795855663572866 -0.002922703144159877
1.5946388069342337 -0.0010170761273215127
0.013500219501085597 -1.0916062024649458
-0.4921023748189207 1.594886435344776
0.8115272856578123 0.16142447821274722
2.0168572398895166 -0.03559036302755693
0.3222458978507997 1.0520176934937844
2.1898086014986884 0.1483367289607363
0.11585995493335433 -1.4872368315960363
The number of Errors: 61
Sample: 14
-0.47798590367372684 0.3218412643257422
-0.3034915784325676 0.9273914997186667
-0.8444766575827871 1.3980531450541922
0.5997867370395534 0.7427424121630889
0.221898178154616 0.015787097428192842
0.5774094778712345 0.7238616593832633
0.39175089757105047 -0.9050415772591505
-0.053573266854948565 0.6245121163824997
-0.6786943209011247 1.6374983162421644
-1.7082843846799343 0.7482323038512139
1.482549949692056 0.13383832222219952
-1.5674838977031238 -0.5727080942748928
0.8669278615259065 1.2607168067077006
0.982399713396937 0.01142226641341778
-0.14901081704763103 0.9862104437404079
-0.7371418619591217 0.6791031294357672
0.3673267539824205 -1.2463093586582716
0.8101608663202281 1.1114137749582733
-0.3971902797514044 0.3948759366017242
0.6773427684741025 -0.26536951290190736
-0.3469228233614652 1.6993718239966418
1.0916599359322323 0.7072083210130191
1.6391186161913747 -1.8881061641478587
-1.3615573539413746 2.2504570155653845
1.2128270943146864 -0.35770808241103597
0.40095118112334904 0.15807063939844146
-0.8542393288378957 1.892246733918751
-0.03632102105959878 -0.24481922911302212
1.9978208009540843 -1.1756489879252852
1.242169412314003 -1.059667261615632
0.41419688136344285 1.2261164976193293
0.37784613613376594 0.20775830566867748
0.4677882546183007 -0.17803486711214866
0.89040369440926 2.0506819756040864
-0.3373551890946801 1.327643485204815
0.28370547818052877 0.6531553025075508
1.5146911982249411 0.9458833623767009
0.39430906457769904 0.3148188367667223
-0.048421384063733974 -0.7827938035649247
1.0837202382626294 -0.18868295036928606
0.7160403420783222 1.1823838354203275
-1.121972364924942 1.1456452685713985
1.8656125589080028 -0.6896014397801516
-1.023810560876472 -0.7810231613902285
0.09525668246593233 0.04422419950345946
0.0990132800868579 2.0476687167914167
0.5023513657382052 1.1627961762433292
-0.6859368991855814 0.7215997222942864
-0.9921742622412968 0.6992807118786724
0.4064703213688087 -0.9197287609884226
1.2261332097145288 -0.29135224406216603
-0.9316749548309604 -0.28070310387909614
-0.2714962620523663 1.6119557337577348
The number of Errors: 53
Sample: 15
-0.08084199697231884 1.9363424235912643
2.1091667207098883 2.074698238940113
-1.3616812108558367 0.8476601961696059
-0.6679527538918357 -0.05662831787665701
0.579148803315269 0.49770754137248596
0.15089278361444003 -0.3832973744556818
-0.4933538396664423 0.8041483536922431
0.5075757849186644 0.5908322100932748
-0.701862788775228 0.22849890741245027
1.6710813025630051 0.15558452160141806
-0.14328403824748515 0.4235784306960259
0.5146404542232995 -0.44895622746066755
0.9174984564049641 1.2023251004979618
0.06869685195841624 0.6217859002024677
0.1923642227881679 0.7543183651069055
-0.21781054402840705 0.038410285866615435
-0.32731460828895087 -0.4779381306238002
1.3306451047789896 -0.5814922492492494
0.8483331645209884 -0.0444181486179971
-0.5894836030669981 0.26280522012855256
0.06396069422186679 1.7356225837636252
1.7441237752144163 0.49799641264815525
0.9179415179395672 1.135566724701087
-0.6686766254189522 -0.03679124734329553
1.719802991508911 0.8547418567920708
-0.32482359983565035 -0.6889628144379971
0.13206609550839588 0.7278218280232758
0.19817183177616848 0.212936645455978
1.1709769341283407 -0.20916939756656514
-0.5126319432941311 1.0479960634267478
-0.14605112916600857 2.049088918141062
0.4766692496306843 -0.049621173951115094
0.5185518754642687 1.11529800224975
0.03026210973329524 -0.22432695046132634
-0.9238223119266872 2.0825103619120475
0.44330293416015343 -0.6869729461813783
-0.786988328409024 0.8318132410158166
0.025400561018929714 0.7856801183464616
1.643836171557509 0.38624442776946105
-0.8640596970355183 1.5847193584588841
1.2816934898661807 1.8972384553703798
0.4684237478026289 -0.40200795501382647
0.8777620807972192 -0.013982357716989625
-0.855543363261845 1.3961492526360622
1.0638919270209255 -1.0173265414883952
0.7833965142256756 -0.04701176947081975
0.9724788152917843 -1.157952719644916
0.5060266912312241 1.1637087832557964
0.5604602635145612 -0.7090635079437759
-0.2963038423615715 1.1129725660421252
-0.37199495976272123 0.0977548233394595
0.7227576191597289 0.22099748925969298
-0.11637674345078897 0.5214300084545032
0.4808054117956602 -0.3868956371433703
1.5169069871346021 -0.2830473343443645
-1.4047463414251835 1.179330883117824
The number of Errors: 56
Sample: 16
0.4568789242264853 0.5322916463669781
0.09710406397599791 0.6348208971678955
2.405821822182044 0.16916466168088337
1.4001882880716037 0.33530481560044884
-0.6596082436328676 1.3732772237460709
0.9579809560115576 2.351640337316604
0.6208496618302952 0.062492132059987715
-1.279601594328687 1.6325557977307237
1.8853265938414523 0.3319617432863863
-0.5489442594762304 0.32304135800151484
0.07633964102287767 1.7063031635835402
0.2741864748971417 1.3778608767743024
1.0989788262262212 0.14309728718022316
0.1299374103685913 0.38305818273375897
1.8736572983894586 1.5388257304117816
1.1669446936884942 0.38971407921985224
-1.4685776671657724 0.9928869691530977
0.42358957968095556 1.2833085950698313
0.5268003055523982 1.818722146971361
0.2443590501908678 -0.4117293378555458
1.4775815657386782 1.1053649717009801
0.13690257907922743 -0.34595992779037754
-0.8595528881989529 1.0554184908472688
0.26885644939899817 1.2164332729242893
1.2794641249371554 -0.2740046697980063
1.336300703183378 0.005033741763697376
0.4964959264404259 0.4747457552431263
1.094300575489962 0.15879160475158044
1.0762123922216835 0.7030925721086645
-0.24701931195450633 -0.5316873691018884
0.38495362689845064 0.5787770024829462
0.5529182776059857 -0.4582292695250121
0.79950246245239 0.3802429202539926
1.076567174745597 -0.3981146174521062
1.019634156359821 0.3343776391812094
-0.44578704377763323 0.09993091821026234
0.3446254643487854 0.4951225116563532
0.7699215032368139 1.742836650443219
0.22221970006597258 0.5508099176395542
-0.08840687390084323 -0.05526025840041637
-0.7919228737822088 1.0371170700218668
-0.7415106238137092 1.2547024767859445
0.8232216994116606 1.0342918235704193
0.1585793192900149 0.13111627323274555
-0.4398781118265138 0.339294778379171
-1.5665710688148504 2.2096321452516334
-0.11869326520724555 -0.4519694789050077
-0.5746944736802917 -0.24840219373114025
0.5597509769339678 -1.354998650201287
The number of Errors: 49
Sample: 17
0.70323356807964 0.5428564643935415
-0.5757753247595462 1.9032114330194372
0.8958698669853667 -0.05009192209434543
0.5467393131731907 -0.6416181797787689
1.8928583957107805 2.1506803366359803
-0.23368935287027126 1.3729933620120685
1.101970156994288 -1.163461473463002
-0.04622539875488681 1.5708337650823758
0.14551011696685492 1.8646279214173822
-0.15034438346732873 1.9037799045237225
-0.01258870379715793 0.21874220088178997
-0.267553344908967 0.7590275764245413
0.08092880927336447 0.7786359760704614
-0.020795738446702423 1.3870344419145635
-0.24234968134618373 0.35307894514432264
-0.922352646288856 2.216598698052156
0.15933781168672811 0.41402531049466523
0.6484617181721443 1.07947629229896
-0.3908791181614952 1.235092686651925
1.8451688585449137 0.9360578778973226
0.968096068367407 -0.15469814421991723
0.3424577404584018 1.3916088822049468
-0.9093698746747959 0.3204522210936741
1.1705046725995587 1.0461424716444143
0.005079618081411663 -0.11216621663957893
-0.2315136660684861 0.04728577255058064
1.4544937343669475 0.3408422045793132
0.5287009811140012 0.06184998889859972
0.7212435226792083 0.08106494940093656
0.35396200406805267 0.5300131850623149
-0.017755391132833975 -0.7857185146375748
-0.05090022042433314 0.8836895965291895
-0.3508096626906575 -0.7085256274295951
-1.7857537595256607 0.8463423016637336
2.0970079607229968 0.055307274462993695
-0.5803627339864056 1.0417070708936562
1.3755566878287566 -0.3249084557028379
1.6902085327545295 -0.613723380508568
0.5881282842669175 -0.5545844371227472
-1.1198363798361197 0.41556583546757125
0.7517900040208374 0.7734380999499614
0.9803489101662848 -0.3284137651377982
-0.8655097709667164 0.5239989872001409
0.47302663757180013 1.151664801984723
-0.38298069936879686 0.2963335118624849
0.1831721933051097 0.2109483422072731
0.3923336802124957 1.4739263487631158
-0.07514934289002462 0.02879228165347525
0.1746884215072302 0.652286781246618
-1.6670567259571234 1.2271363351716806
1.5520730598759935 -0.8488967854628472
0.4921101447344685 1.368767424960575
-0.5382007012920841 0.33281694014039376
0.17449145254063048 0.6308837347891476
1.1791945488186086 0.40734480758361674
0.812692145140941 1.4307943612257243
0.6043542016100361 0.7869227893731878
-0.2004240809957324 -0.32866325691279175
0.2804615231428154 1.7617165071439493
-0.4053748954969262 0.09086118840188306
0.8133240892281304 0.09756915533117595
-1.1677872086223555 -0.2255458185017093
-0.24151038708721118 1.4427906687790997
0.008429522371366627 -0.3358080862526617
0.7058245615403558 0.4204101214541549
0.7512714644672505 -0.18104772111880252
2.4360528364251044 0.0107667179924187
-0.22014127736876465 0.30076798275460603
0.769203534802047 -0.09622819997500254
1.0719228963436016 0.857255525752496
The number of Errors: 70
Sample: 18
0.25708889432698745 1.870059720181285
0.14174276371718592 1.237444623904175
-0.8208723034487365 1.3653501163380035
0.40915614163764435 0.5790514796110683
-0.09916333056558513 0.6728551561140813
0.7411522091827057 0.6856524569367871
-0.593137300740263 0.24361503162808418
2.8644304600892045 0.8134032958000212
-0.12138484860887722 -0.7690042912270935
-0.034442077859471065 1.0201464406724885
0.2039367916394398 1.0574482932184741
1.4647682329983056 -0.8752027022847191
-0.17663209332065588 1.8036186790822273
0.4288885661371896 0.28334203877115927
0.517156848095067 0.026244578011369146
-1.3198105892725227 0.6751106257624935
1.0711174331620785 0.33616941608961165
0.9316803823692656 -0.14599220128259055
0.840821248683866 -1.8032623734526618
1.1581180504090482 -1.8950530881427707
0.2663303856870951 0.1504609241671533
2.4561808751489043 0.8904343654189852
0.386631679101859 1.6465638200130057
-0.8841853650878698 0.3652916348338906
-0.14000712812482152 0.7625224759895111
0.02985487411809773 0.5871664434520292
0.3163060965523612 1.0456641231070045
1.227043042169923 1.2097312898678907
-0.27133026412593597 0.06490555570109358
0.24099077326442764 0.658243899313812
0.6357410827796236 0.5788092863149327
-0.7394262900182901 1.9137290478315307
1.0808902923101018 -0.4491957040374945
0.5092597106404018 0.5804204026660177
2.0962496998025832 -0.49732196387338057
0.8401870765038285 1.3854613766599226
0.13323374533052545 1.9651520657328148
0.03860717040069972 0.08508067612932657
0.3435464950211605 1.1961260909895806
0.7550546668489808 -0.19382300078830228
0.661882311381534 -0.9245420171617041
0.3477930206413896 0.6264219499847431
-0.011658031463000484 0.2703349652644844
-0.17762007775989053 -0.2192755855465106
1.5633822232112256 0.07263177381395644
0.8845277519748379 0.03842620783558969
0.13791397806343622 1.1530568939450756
0.3567558495331231 -0.9000597125260853
-0.0236709273668803 2.3066399454935222
0.8087259600966102 0.8661627477842537
0.13987670088350612 0.5907263826231053
1.4241113860703174 -0.46597589178259713
-0.8796739175921046 1.269590558504561
0.6883997389130055 1.4387071297855119
0.9297273597555342 -0.5777875242085327
The number of Errors: 55
Sample: 19
1.007571240066725 0.49467597282538794
0.7851381446740497 0.14738185949922225
-0.4162478802729852 0.5034140354084029
0.6328913522371404 0.9129400828588179
1.9543103727314854 -1.6639685094605203
0.8561605173233096 -0.27949018089883704
-0.5207406930034975 1.7448962413242148
-1.2439311868187655 1.0249020664950186
0.2543427843660113 0.1314994384971031
1.2898165712169167 0.2792005305932394
0.9170668585442532 -1.2282371517719108
1.056897608104187 -0.5542222066426725
-0.1535019011309453 -0.5620313127168077
1.8095227011496207 0.12352135632557326
1.5475867518389974 0.3336163803365636
-0.7041258100499677 0.9686160063521776
-0.04842018322318026 1.5899001001263577
0.5651343230483172 -0.17590486868911204
0.8131174072562309 1.0466014003372275
-0.024616844976882102 0.9035492853981925
0.3994182865952821 0.7955236005733094
1.3564791534166045 1.7330313731713909
1.0428233607408213 -0.2107781282499207
2.246273460170422 2.032378066970871
0.09169169239199915 -0.3608195010892379
-0.2712143773910254 1.0576199714478394
0.574029987074002 0.3058913188048765
0.7041349397928248 -0.1333100091537942
-0.652613916729424 1.967318126049451
-1.144387110931136 0.46735332160662957
-0.47839805636775345 1.46502344456148
1.5724112001701511 -0.5989517785144451
1.16032177373753 0.21575487325104895
1.0438415413040805 1.4600158712538136
0.9463862210513284 1.1092348718222136
0.2711824957962854 0.21454007921504614
0.2989562829105079 -0.2394987318244084
1.0973721266048653 2.1431071755595124
0.01935179730060066 -0.16825477021169255
1.2925849364937998 -1.2282709037131612
1.2089782624466627 0.8872782564048638
0.3231307429501376 1.3869611995945872
1.7709224205280527 -0.32893639304947264
0.190325515285108 -0.1128957544805651
-0.03549926663702196 2.033174398466622
0.642178185534308 1.5508515420417284
0.09576049954817123 0.6267866506747859
-0.22988069204916806 2.1960006207777627
0.40905963512007615 1.2201837871559096
0.4731987178966342 2.00109617988006
1.3565982249830906 0.4276519119988805
-0.34319957303016446 0.8129863740976921
2.4135569534792993 0.5052315166983741
-0.4787798667337366 0.7455875742446242
-0.34996009261882854 1.7567878507929358
0.021422304748488274 0.6868414176884539
The number of Errors: 56
Sample: 20
0.8534324501285431 0.4233203249419328
0.31236824850404926 1.7130288776942337
-0.23660576898510954 1.0704126506846072
-0.21015952113071812 0.9114754455977726
1.4494152031427159 1.7671428108695193
0.6803882337201455 -0.22880830377986516
0.7996500651771332 0.18225882949656397
0.06902880547520018 0.5356945226674871
1.3357066785362879 0.22072532756089888
0.488158408434308 0.059198214697262275
-0.28821988227869677 -0.2530439129625357
1.3974245625239554 -0.2542148826266471
1.7638429242941696 0.914434045454433
0.37930277141157054 -0.5689729572966462
1.7108826829438168 2.3272804550669646
0.32423251803753617 0.4959758599840358
-0.4295083350959583 0.557892400016919
0.967019124294722 0.08463218610971741
0.6549187350589345 -0.41012336265654725
-0.23988394062741714 -0.03110604499620595
1.496278065598386 0.48595430452754823
-1.0736273600525092 0.7594710283131398
0.1407153497121448 1.7575027337885167
-0.49576413200478986 0.25920808067751644
0.27718197406135436 0.13679461435467666
0.6267422099753606 -0.4434600994805018
-0.35651695142131773 2.4767538181412068
-0.6513861721182208 0.5104679189537829
0.20827225549138317 0.32430306689934096
0.1727808798130519 0.3080959461325744
1.2506100780248215 0.9733347244703294
-0.04372038206216698 2.069108640258541
0.1418949603954489 -0.7715147701153708
0.8299857614831816 -0.33984851854257836
1.022287372254717 0.291635622015591
0.99628230659835 -0.5065340191071004
0.2981976018293214 0.16640992268962318
-0.30825040056790254 1.3171881504234912
-0.5795283796130746 0.814851508197253
0.8566585575895583 0.2770244702484803
-0.10837521532941707 0.8948447050602223
-0.16922346208184394 2.0332617784376907
-0.11137640521408088 0.7213367694412279
1.182311798385931 1.0292276564380924
0.8999236102260869 0.45309646319715385
1.2290700123768405 1.1278866641144654
0.7239570685469184 0.2593689676685196
2.019496571105538 0.4025655615687946
0.05145640255088768 -0.9522774638938951
-0.28676570767203363 1.335715219315081
1.2006043582420318 -0.9971632859488357
-0.022686707978760306 1.2827025371288727
-2.448312733591313 0.7821783938928015
-0.4871395572766146 0.7479309171582049
1.222708423069835 -0.9273739435953574
0.700779803230301 -0.24499616902283972
-0.19585830912238045 1.5603295392021732
The number of Errors: 57
Sample: 21
0.5846980481317372 -0.0721599223576932
1.439627649293916 1.3825535054071074
1.1773701181424476 1.7807222071896156
0.6834005607790663 0.8168240732548481
1.3308823727105912 -0.31782734424052084
0.3959956109197478 1.7406304495068101
-0.3295863024907537 0.22123455986972973
0.3957651991357769 0.5123907382289228
-1.5856506479779535 1.4495272945153992
1.293644180632021 -1.2216735752839332
1.381656524060669 0.22047424665525908
1.177204465912063 0.02179913240900233
-0.874571892491627 -0.650755984793941
1.1999649002352484 -0.9899175006473147
1.47848570357474 1.1192166657503266
0.5201922367889252 1.0913453044785888
0.31131980829256617 1.6457855152763206
1.0237248120164775 -0.5004252353297842
1.5572925900432488 -0.9735122720105351
0.6615792544961533 0.5537140612886802
1.4527377193598403 0.9446458322662545
-0.953477481708773 0.8418284977062896
0.6050219352498268 1.1492725233225676
0.36299196414129486 0.04191352239841106
-0.052696467236093225 0.34818058123939066
0.9580170171463096 0.4744586923578691
0.37572098660372233 1.4004951916289285
0.08160533933050632 0.7761902923652094
0.49361846634321704 -0.009157874528398446
-0.7629010360159637 1.8408990069198012
1.6261262809634238 -0.5483498976034205
-1.2440662338825426 0.29131978597854347
-0.4596260399311368 1.1737371007183741
0.224730260027724 0.6318304763944702
0.09949960338897555 0.7810558183587637
1.5213152002209602 0.9334288548745026
-1.139094704345634 0.3698265237468886
The number of Errors: 37
Sample: 22
0.3968628551613884 -0.38375451586668374
0.4860300869081722 0.42669036903152446
0.5735133084815446 3.790092345775398
-0.2615444707565202 1.3714800491918804
0.4090015026299986 1.2126637921063455
-0.6332474095591624 1.5670204060544706
-0.6303695656178951 -1.5924764335875539
1.0610579332434829 0.9300678715797758
-1.2068132108947998 0.4598488092207824
1.4397146744900209 -0.2668233548391687
-0.5941296615085359 0.6494597335647956
0.1775653988909779 0.5927498075838956
1.3281114314438303 0.18021238463940312
2.0815799454159056 -0.5745532872123476
0.8669301363876647 -0.7521780828352826
1.0592713652961847 1.7092152824296496
0.3962439158976705 1.2194316021226166
1.5985251265658655 2.4223191321179147
0.2868029618195953 0.5285328454623526
-1.0083220056155906 2.4065869997306772
1.810784457549162 0.8771985467556521
1.399451601337188 1.6715821791029553
-0.18056399930912614 0.8647201773678295
-0.3884868977708027 0.059065619165892924
-0.2883075913812936 -0.43258779845572626
1.3736235225672635 -1.131020400945629
1.2118056987271653 -0.5057016166198185
0.7721064426489179 -1.1151482858111104
0.8931993811653348 -0.18560124277723622
2.23862629581213 -0.38101750679065777
1.8688727058650962 0.5162436393039412
1.6304982870717688 0.3027700177356282
0.6588001887549225 1.6818615712060874
-0.4005364258762527 -0.18524969038642958
-1.3301641418368648 1.6780598985641384
-0.13680583622854492 0.9338275753426546
1.4775854502668582 0.6641972441945188
-0.03171108745404921 1.1749995477956723
1.1074181359356765 -1.053032204667781
-0.42248464477705205 0.9811602983349823
0.65339165359031 1.5917166145130102
1.7893711628181206 0.14757641089802576
-1.2331092027901227 0.13680523231305786
0.394206054732893 1.1232906409895902
0.1820691093985024 -0.011026560854382916
0.803045843015917 0.3635225458371135
0.5595763901485787 -0.11624665560278968
The number of Errors: 47
Sample: 23
1.2880926879076369 1.1193247929870056
0.5427391791512364 0.3778119246439271
0.15158052109902975 0.8996981094171929
0.05082511512059695 -0.20452588636997726
1.2853507000178157 -0.15084603927586948
-1.1777128155590315 1.4383052312134343
-0.47463912241971884 1.1219173790432075
1.1942861008440548 0.24682793203479855
0.7872666901273778 0.5374489148346241
-0.6264327466351469 -0.0653976713492721
0.32967399912184714 1.4586424913950202
-0.14270037607819708 0.08291726204320549
0.6622131213499021 -0.01763865290313338
0.16442204737257762 0.9457713670350093
0.9840507292341715 1.151438352512115
-0.927016517037461 1.7417217937956722
-0.26088457439936796 0.6718994340000386
0.8845553098618433 0.7957999999156818
0.4865889551758958 1.4807031594564364
1.3181282814338326 -0.27459391329212934
-1.3184475346191409 1.5526812055797274
1.2830608820869427 0.045673753301033404
1.3267704698269294 0.19474629084766834
-0.21414246607985432 -0.2038238144393021
1.3147024663069709 1.3747518766066793
1.1091089318446545 -0.43025732883946044
-0.5587062319512142 0.9448498313602842
0.725019202400538 0.8095815847538601
1.767149921348125 0.46273874055412345
0.6888138426806129 0.5681608955798141
0.6501900454165159 -0.41507174119801316
0.3090869343746552 1.5192436148904025
The number of Errors: 32
Sample: 24
1.0844502909600802 0.6032349996896385
-0.6608107175398195 1.3291104478807434
0.2620286615311523 1.0965447788749487
-0.17632754387950356 -0.16635680250460072
1.416249830600224 0.45689006467515014
1.3217402402809808 0.4374650758816091
-1.0893914325539311 1.577314374126617
-0.206231501639637 0.6433617146670373
1.4762916635742684 -0.12760396799010776
-0.19410138864027784 1.4682994576648367
1.6769111089467972 1.1983145477494652
1.8475585129690038 0.8860808052612499
0.2921696444815509 -0.030774454030532805
1.2713280240862068 0.4247940370996238
-0.4378893438228262 0.9678519313931208
0.48594448075718577 0.688580941140163
0.7246340429018046 1.7601781440347812
1.8427855397360113 -0.564613898523459
0.6623019063053828 1.4868763613111813
1.1133283739128828 -0.8121000155125866
1.8291825725157727 0.20625812591803822
1.7166825743083551 -1.0922697488539643
0.13720114012659712 -0.17445260313856203
-0.04437971092469262 0.16345677924839697
1.3443391240059792 1.4977446027479078
1.9401677356613765 -0.3583987610059529
0.31160865307487506 0.9691036359413814
-0.20623378553635052 -0.4978793358371041
0.71064579642576 0.4791056886490407
-1.2858205509427159 -0.4489533940996673
-0.724375009130984 0.15276082088008236
-0.057198600356956404 1.1908047556731585
1.134311886438729 0.5545427451005096
-0.0331860684002343 0.11517720902999451
1.420959522948515 -0.07705702848476803
1.4317888423551834 0.8080042020371531
1.6118022928793008 1.1901705075365914
1.319139680986537 -0.315960757250215
1.1704143002264373 0.25532213664852155
-0.15779407209254637 1.5754272228373212
The number of Errors: 40
Sample: 25
1.229980654491016 -0.18736062999471081
2.0125766567444994 -0.24900151431946263
2.3542696911470675 0.4565038612120438
1.5696638767465438 -0.37848343286041986
0.45562782546832026 -1.821439381304749
0.9641700226711123 0.31471843302001884
1.2167014465649515 -0.7200069056797038
1.5706284198478135 0.6973895747430305
0.9888573745765775 -0.10219277804900617
0.9198050347520027 0.05818673353748638
0.928254297917075 1.3286632858703253
1.5171464216950898 -0.2358961317869662
0.84084518493452 0.21829845804855252
1.9864054792447963 0.07911288171783365
1.2055132555427401 0.04926540056446871
-1.2781652028961066 2.2367149786536658
1.888633947341244 0.2595621121563737
2.6406373907211127 0.3785223528633787
1.298418815789831 -0.39212235929204087
2.3781070748178803 -0.48131606387714426
-0.5252387711347029 1.1181791147163507
0.5732285241899386 1.6840970989777335
1.072832157238063 -0.5580587690574592
3.0215245868316396 -1.3614739356630072
1.0301877870859335 -1.3935272477908631
-0.038510532845592804 0.9167506364863776
-0.3217319675629499 1.6638456885042168
0.8598595011740127 0.05306040722192318
0.6475855853947097 -0.3424550810940181
0.5610593941342292 0.8423592709845665
0.7623667149274616 0.8389286523100391
1.269327315710662 0.6055705662481152
0.0832729019349181 0.7257123024329577
2.284090641102488 0.6241397748243732
-0.6700297212593461 2.645093842963471
-0.6323873792924521 0.918735718683481
0.5575689811670146 0.5916953788705958
1.249181205664071 -0.03212459008347045
0.5630252737626075 0.03436300827426164
-0.5499817578871795 2.43213826009445
1.9452271626187554 -0.7988434863809144
The number of Errors: 41
Sample: 26
0.04883927679474807 1.512479088072516
1.4934739204489837 1.329984383308225
1.0298757950641209 0.15210501815765465
0.717836336707287 0.8859261163511127
1.9496859716577264 0.5188247395091649
0.6104402985463844 0.5266552613164684
0.2446485166287544 1.4551960100269112
1.8972959873250324 -0.726706550096879
0.9643642763943197 0.3675534506564419
1.5520954625336856 0.7510568948979004
0.02020008158558273 0.7173006214426855
-0.397101087510749 -0.25294978390639566
0.3571446030609845 0.6808481367662788
1.8173926555498643 -0.7505126960597737
-0.24976684569517094 1.2218902269967924
2.604257173066934 -0.09926742829626904
-0.6036532832675832 0.1185485653777949
0.9072858388419246 0.013335016092025587
-0.7766064511484181 1.6003102274198469
0.377594298149854 -0.3008726003874005
-0.18599993710230836 2.101993668412907
0.871865417141359 1.2990180761882713
0.7179468230110222 1.0545232338327353
0.5195558062997248 0.4264765006106144
1.1076174721585479 1.2664639637064343
-0.13222535565877536 0.169590913718755
0.43590897177359034 0.5262297701517471
1.8451983859528507 1.415381105867789
0.44508211193673 0.7452327528387134
1.792831495735882 0.9819236151709458
0.7307434886467259 -0.12810772549148974
2.3222296298384366 -1.166367669298346
1.3187554366530112 2.0124285998173432
-0.36640173752192307 0.36274642857306394
1.3165965206149879 0.7480461159524837
0.5628691992092284 -0.22081264633571251
0.723738640922126 0.437781250062688
0.11567816141520848 -1.1807333347764313
0.7673751671895663 1.307875277902353
1.4655196547798108 -0.028297823810563755
1.624745794959382 -0.1141800494223145
1.567050922433547 0.2498696524344598
-0.8520372436401968 1.9540673118700873
The number of Errors: 43
Sample: 27
-0.162344448876091 0.6554241967090326
0.9665514685951797 -1.0429975305154469
0.43098974144107866 1.2669456504717602
1.8401669576085498 0.23009217753146916
0.9754117543977154 0.29836727067690494
0.3044858068635401 -0.4942168379053522
0.7784434055396838 0.6870210432814424
1.7384996818789462 0.37100514183447836
-0.6113149924207255 0.25195546222227017
0.3614147597752613 1.8938772328316256
-0.23027062727833503 1.0293061765553
1.6270984591593454 -1.1868029563024618
0.16636826795004137 1.627769034098502
0.5436817593099443 -0.13165249030218362
1.3888916404711233 0.6387958670769761
2.4761760147307106 -0.3379489229058824
1.142922868475349 -0.1447041166906009
1.1237329416369495 1.5012983807649367
0.8632629990722019 1.156774546413874
0.4877474944323966 -0.049846903266468345
1.6124637313613102 -1.365735082800874
0.6050538836853863 2.0121609367442534
1.086813908167712 -0.24322263197773775
1.6345480840326505 0.3992645547377172
4.415062584099863 0.6710718992565767
1.5344070818703062 -0.4790830283100571
-0.09895653573459806 0.317037815795137
0.3300063610531099 1.1214032804943463
-0.13559912071093705 0.1451537600893673
-0.09048573142151062 1.321884333503386
0.47165720823244994 1.0921184769570629
-0.2477186896766248 0.42071916114693986
0.1724854338542905 0.7797837393115569
1.938207288318751 1.6355749307697884
1.2312260447404872 -0.6692394458093438
0.5045290745983186 1.7034450685607474
1.2717514107219976 0.21183441333196765
1.2350411106128072 0.9290525373911467
1.125821668501368 0.7255289231299302
The number of Errors: 39
Sample: 28
1.1783698251316943 0.3159110479535515
-1.1555244413730796 1.4986317951162653
0.26040878044423743 0.9423985976709638
2.865822377857168 -1.3612183495604044
0.8081238667459381 1.0177413842687382
0.9115605306558452 0.020594483244529282
0.9756669781719093 1.079435341693823
-0.4741269983429419 1.5095076888421401
1.9679831141799686 0.31055419891186176
2.1318609426081108 0.2684620526334634
1.122063853459827 0.465611623563111
2.157094412653941 0.673235302123622
1.049099505312639 -0.3715064630848035
1.1713323310146715 0.6588218340373718
1.3264189887479623 2.125810547919843
1.14122688462504 0.07700209650970913
0.13043382833934164 1.6890853501618361
0.2707734689343646 0.6812367942027596
2.2419327776078286 -1.1483796984793635
0.36399641417786655 1.7212912803326643
0.5585254638400364 -0.20746470206318013
1.3474028957370867 1.013989340772462
0.3043842572223996 0.2775434307042066
-0.22783812274348025 0.41282129623877606
1.2682052106116495 0.15618943650485198
0.5879387926337638 -0.28947284167075904
0.5996987116193548 1.2147733153542448
0.553141189205154 0.1924635297123234
0.7911489379801286 -0.05844558634948216
The number of Errors: 29
Sample: 29
0.6800247837736978 1.8000679362113527
1.1940170910788517 -0.07469027133270356
0.733813966723227 0.7562806646932684
-0.7665964167404791 1.7686848399385642
-1.0831006518489044 0.8656886160901721
1.1941005210471465 1.3458341266721217
2.0202214313904263 0.7285988829269685
1.0523332987586107 1.0000049581851154
0.9420215247014235 -0.1185493167655618
0.9164442577004671 0.3026856749712572
0.6702200769743171 0.8922097525726329
-0.2514897964203531 -0.32968793127317597
0.703606512384519 0.4018090194157995
0.32437799677872914 1.0641007204611221
1.5640252965051273 -0.09498133385262375
3.201725057016171 -0.6706566870404566
2.4149070602232197 -1.0072285180479568
-0.032241658759703584 1.4369541598228326
0.7844506724897604 1.410262301046002
-0.23531570325375095 0.633661242732865
0.4955611679703589 0.7226749498731171
0.5923356831691216 0.6560314311107267
0.039874705862725124 0.3923971179318062
1.735074449063125 0.3299444980623563
1.5083666940457456 0.014561073467913355
0.30444021140102584 0.9358089395309019
0.2050726169294776 1.5475144227090236
0.3640268008071974 0.8550357517114616
0.4875072910867158 0.8889636106199915
0.9794645518682064 1.1165355889615813
0.7236328406405934 1.5964403949136643
The number of Errors: 31
Sample: 30
-0.12234988229785881 1.0106748363420324
2.456919365532451 -0.667688282915015
-1.2469115763659748 1.0082563344144184
1.0213153818551972 1.0895952093909191
-0.5112485566041287 1.2038612536405027
1.1228250536072422 0.4484530650108667
-2.155118705244322 2.1590236613522644
1.009666408260204 0.311435358210179
-0.5058305141946811 1.269502621594552
2.2548650396566727 -0.6579710309533184
2.1025010853286266 1.5800949394412875
2.341921634018627 0.9514118710254036
-0.41237737187723855 0.34044165266384363
0.678476521604768 1.4793085845106244
0.2892185033185541 1.1106879800076481
1.0072070991211128 0.34342787933684704
1.3313370215034945 0.48313789054596945
-0.9418826356203249 1.0955838521149532
0.11777948220024315 0.11591827439218028
-0.12772558076630025 -0.11403624733820927
0.38338882594813084 0.04929811592673117
0.30842220085099603 0.28800016037424103
0.3746107305294504 2.3781825800696756
-0.09435447667547092 0.17213465958879115
0.9886129243031774 1.8275617287495538
1.8304350480468896 -0.4663305698515974
-0.11800150455481284 0.7713819783395688
0.9559135148892804 1.471905272866613
-0.7527734018834749 1.1628044409083673
0.25456729897340746 1.8492064406320676
0.5401295289528174 1.185443417241701
0.626745238185709 0.8011811913314594
-0.10101793012046201 1.7316028670252348
The number of Errors: 33
Sample: 31
0.1676983844064719 1.6193209504498136
0.4404760612688742 2.9977583439510433
1.825661520362933 -0.3656432092195513
1.2004473418070127 0.43755249398575585
1.348784735541951 0.22767760869584153
0.4233730327935626 2.3111504211786777
0.1076669127541614 0.8938003477004172
0.8930889643379223 1.1171576965477679
-0.10468919765690088 2.1005970770247164
0.33254358066570666 0.8497820896408053
1.8131976668408836 -0.7209324999156197
1.2446020081416909 0.42170406960321727
-0.2920960374340946 0.6388139131483441
0.7396031372405056 1.0331193891227788
0.0006414654027282474 1.3615148724169022
0.4997933309415544 1.8326243215901041
1.7226372638114187 1.0842238968629394
1.0648140237000794 0.17231142517225906
1.171305346006724 2.070742889898603
0.12362030519492317 1.0259159315023492
1.2918206256149298 0.18571293009202128
The number of Errors: 21
Sample: 32
1.6755035842449535 0.6139178506434375
0.7432083030222335 0.07419435753250903
0.2222492583153619 0.431902052733129
2.105138532003322 0.20787126637829956
0.8342576942923464 1.281075611537819
2.1643596230620195 -0.18839447482180866
-1.0434531835074394 2.0912815190260803
0.2646416299551788 1.3493384741762486
1.4089092895735198 1.8254383662577236
-0.5631691417748317 0.41355055318232825
-0.16563354997786073 1.0686693334764374
0.7660010147953384 0.7651873775226655
0.9425458648746272 0.8320939321685689
1.383745987618189 1.0819684711582718
0.1220598315470892 2.03284889727009
-0.42756088767544176 1.3103385562768157
0.6353933431850037 0.5314248546372016
0.6205748060265873 0.2409775706524162
1.16065234559781 0.5069097358425096
2.3954898502255193 -0.38323285418655234
0.5124236304332518 1.3871972113072404
The number of Errors: 21
Sample: 33
0.8352425994620227 0.9792248441323232
1.7137698774452939 1.0855316604141336
0.6982459392431339 0.8814226979826042
0.002603173084436472 -0.05787577354207807
1.5860454310209071 0.08925337747424633
1.8927989415717787 -0.0415972262735407
1.2562939846987844 1.1002234144761638
1.6158368045775504 0.7477356369409541
0.240067357429947 0.199583932646606
1.2870342124033636 0.1726424078496358
-0.36431859168259706 1.821250383049221
1.9639998028257188 0.3403551568722752
2.419843460087952 -0.4835943625651395
1.8161397432667457 1.266575899448622
-0.11615373009104668 1.1392997869044046
0.13989200849034686 2.058875394655595
0.18189337511086512 1.1725399324181085
2.0024872408970262 -0.17493006429343966
2.3075325229162265 -0.7035860736921928
-0.4449370487799929 3.0820517457554857
-0.19580763034925175 1.721119062020986
The number of Errors: 21
Sample: 34
0.8870988498129166 -1.7345914810552083
0.778916111387051 0.03145630633131069
-0.42951778606425495 1.5364229603121995
0.8080590448934625 0.2315423394081706
1.3945068219822567 0.8455961267669334
0.094263181685736 1.89153492718933
0.06054199540950346 3.843319700053022
0.4276803936811857 -0.5230295744036939
-0.016620181674038337 1.1144935414409205
1.2733312680353956 0.9279588537175316
0.9773075525806812 1.6950687570839122
0.23320054390913936 1.5829373930870698
0.548513225952511 1.6193081828349647
0.3373154073884934 0.631565153098945
3.0113761778531853 -0.401790622569022
0.39408638669371676 0.657082743358067
0.9164601471767584 0.5618734409415616
1.9392982483340426 1.3251093579070443
1.5108692855226564 1.514171070353787
1.6954967027912249 0.5003174509173133
The number of Errors: 20
Sample: 35
2.107541986906375 0.4003474011537755
1.5019530558307748 1.1525851520143946
1.306331363109969 -0.17535307002644607
0.04903417522586362 1.3582474010207444
1.087028926960721 -0.09305610864882996
2.3468303369038277 1.7407359883153337
0.8710042170744561 0.7307726755623196
0.8806640692692967 1.1472344197079465
2.5827106338876384 -0.08077121869641268
0.011127842076893879 0.5950704902228199
0.6044647517592163 0.9247320719370142
-0.6631895056814905 1.774183868029877
-0.3478911351952303 1.3740327507170473
0.6350601844352688 -0.4313047277603239
1.4493740367243444 1.4115762899451165
0.9760134666528705 1.3140806827575724
1.0612538980905315 0.8824493026521322
0.14979614321358806 2.2496074365604044
0.3139198361696649 1.2375072529802074
1.0517604881763045 0.6864219994769889
1.1925256776640472 0.7387125364040584
0.9042449993497578 0.8847708571807151
0.8388814817619639 0.6832264576922902
1.1912629740519027 0.02440935754202589
1.9444087627608748 0.613897279305903
0.7870313980968469 1.5841200574296554
The number of Errors: 26
Sample: 36
1.6030150223734116 0.1385901201599311
0.6319026766714616 2.3144929213992627
0.8668241706843629 0.24646886218906827
-1.3323737514569458 2.0096919069493056
0.6353300948873497 0.991337222521606
-0.22565544199162457 2.177186241416088
1.428253684954971 1.3960654326913835
0.31996773573500836 1.3133108237204922
1.8035386674293088 1.315695371012967
1.8333809046134932 0.4941679693792144
0.5767374836429802 1.752749822117431
3.014634192489096 0.08090679075322786
1.8517273609437843 -0.9413914910964667
0.6330647652643964 0.2799688327743983
0.7162933541445897 0.9002941880723803
0.13353147331663523 1.7384997277248886
0.2914244118946503 0.7092192756421283
1.1899054863007787 0.37025859880274603
-0.3055947075424654 1.7234540591572216
-0.47227449301843083 0.5042078645313974
The number of Errors: 20
Sample: 37
1.0252599508957136 1.5204236048394888
1.6340835435323526 1.1412189512808335
0.06680051593998182 1.7705777921973354
0.05814941005051921 2.3350495807674427
0.8843607499316789 1.5210354020442247
1.277431021978494 0.34621103226121064
0.05087612739195646 0.3633991052201344
2.006923168193313 0.04934311240837824
1.2354444910976647 1.3559448906300784
0.5298979962494152 1.515916036915927
1.2888880718686755 0.5183467801970367
-0.6372336676470942 2.043179728912357
1.3401457110574313 0.4971495421479786
0.6554232632274926 0.8690914667285746
1.5495048885572837 -0.10205434989288364
1.6675280918850441 1.2081408218113139
The number of Errors: 16
Sample: 38
1.0914596950796833 1.4433059737576992
1.5407735116117725 0.1366389984327856
0.7547141170193468 0.5665763614174204
1.333772190896835 0.6717563596640607
1.0459563042225097 0.39472482524909447
0.8685514043142257 0.3998312711478984
1.4089353298100153 1.03944165080893
-0.2829817459577795 1.8677344580353656
1.8219537214075394 1.0704923668321809
1.0419728409032183 1.647829614287117
1.5505017065492108 0.5006497083427569
1.0545831924842066 1.197227115140179
0.7597393763038922 1.0394265783964705
0.44818340920581856 1.699169150459953
The number of Errors: 14
Sample: 39
1.7286459137813441 -0.9633213354571828
1.2853394174988244 1.223147973157888
0.8875088656279353 0.6725707806366685
2.8818395844748372 0.5799028229897241
1.852538606794911 1.1061218264915973
1.7455831464732583 0.08319939623103889
1.4194284286935426 0.899768743994351
3.05764382299615 -0.27707267046111916
0.6994861766360523 0.8989865357646492
0.6235180847246704 0.5011617890988314
1.0228377534464312 0.05129339803264221
1.0626705199056752 1.3851309165758339
0.8879531464195243 -0.3170474154627214
0.11997637638033073 2.212222200477656
1.0016320142316624 3.7059225539085565
-1.0121657921307412 1.6955858662473942
The number of Errors: 16
Sample: 40
1.7609562638803316 1.3264147870956584
2.456048407057169 -0.6665626795390476
0.4603250098330473 1.960657361373454
1.567573339162799 -0.18571804366095712
1.5743133353053351 2.549700320490233
0.1986827261961981 1.7125374819236647
-0.916697035098939 0.9633442369399505
1.2877993063910904 -0.11626689957241965
1.9282416428948592 0.49953619413385514
0.9326581156168712 0.6068974167619818
2.0072208831300804 0.1230855770932648
-0.5914828460686885 1.4287422487988115
1.0369844579539058 1.513158288763119
1.3544651828970946 0.7899479473512567
0.33690253766210776 1.3248678641151235
1.2345055498009707 0.4828407173338556
-0.1697459745899268 0.9270122585379428
-0.1954882863022447 3.077456362073591
1.359522915627134 1.3192746256705337
1.4497470944795463 2.2311587691390806
2.3233020088770284 -0.24614430023310288
1.6805200967060339 0.6322960064291223
0.3511130131641852 2.2487938772065603
The number of Errors: 23
Sample: 41
1.6037357353380823 -0.3110023814110616
1.695354378212563 0.42743910610628344
0.8150745015372589 0.9975315688301096
0.8596381535111155 1.0117989071950617
1.0993943231539538 1.0956911121272117
0.1857395754496185 1.1571141547302304
1.354381144004458 0.7746865797268085
0.25167603581661635 1.4121693783334992
2.3617463676539425 -0.17128912206002012
0.7872989192049016 1.0500659700686472
1.5793685901550247 0.7925063190169657
2.450215573927262 0.030632618950009644
1.1155480760533016 0.200950710370285
The number of Errors: 13
Sample: 42
1.548908512323851 1.038161035339658
0.43540180224506164 0.89606640176474
0.4065476518446758 0.941241501136235
0.9497029745055945 0.9377497736426762
0.44008883219093464 1.2932835347343592
0.4658514010675219 0.20522854489697617
-0.6223350637237633 2.8992600231727876
0.8879590967980919 0.07764406268443524
1.0500378380923712 1.2445957367260951
0.6675842485980368 1.1741183725063025
0.3183747705041204 1.9404317823454171
1.4868779574002065 0.3127794563564166
2.608395655034446 -2.0533490640198884e-05
1.9252906927050342 0.08562899633878951
1.1287628062040866 1.34259476541589
0.8701641230194308 0.588531065100788
The number of Errors: 16
Sample: 43
1.087331702249153 0.2718712045046634
1.915594427738126 0.7796578104752235
1.2365401355818366 1.2748429172703184
0.7211626081615703 0.24565501110997912
1.6672902171864887 -0.7071066432847584
0.6820813630544713 1.1726714159387888
1.9017841164232772 0.14224754960070785
1.823141443661061 0.31427710491356753
2.0893319631070844 0.991468581702107
-0.4160397928474029 1.226298733662404
0.8416846184741729 1.5869548358420476
2.0200524966232813 0.5173608587902625
2.3975722450087558 0.5515195187340843
0.3076594600306457 0.9048979673268445
0.46160705865604335 2.013359050688008
1.5925752371725843 0.411018014364013
0.6690996077650636 1.884091242261236
1.4419886611618586 0.4369328599372819
1.189698698879874 2.052568189951445
0.48708407490489775 1.7380669840904794
The number of Errors: 20
Sample: 44
1.5316013009053284 0.820870686778458
1.06690032645288 0.4394757279165724
0.8078475329206154 1.9977095341478073
-0.2601938037446918 0.7433435595608657
1.754616585427294 0.4231025698828781
1.6392999608783925 1.1968065710647466
0.3826586894841302 1.746091510909403
0.7476373862090293 0.4453542128957475
2.335737397904544 -0.23679587979037237
0.8325107694321114 2.0079788510025156
0.7398225508633183 1.4953500754914262
The number of Errors: 11
Sample: 45
1.8676840360538718 0.36950955378238237
1.6274253197240145 1.0546574076870632
1.9433867577176418 0.7072833233128389
1.7992507847701005 1.414913457012967
0.1405294509485714 2.179722067866206
1.816235897764818 -0.5348773658957517
2.311660110566856 0.031182673011457166
-0.5122280933931322 1.3780041850027902
1.1757666610454918 0.5621865404674433
0.09178872830730622 0.6314563047739365
1.3949957294553368 -0.6453224559393114
0.6338129229007754 1.4245164399378503
0.9622695698041625 1.804908138037737
0.8345631669227846 2.2653442295064865
The number of Errors: 14
Sample: 46
1.1670454895227504 2.4628391080597853
1.2096024190622676 0.335362635107157
1.6248707779814835 0.7562716874827604
0.15487334470855618 2.0483147046120798
1.258321676345086 0.6783702608126336
0.1413478878605683 2.4013779920304557
The number of Errors: 6
Sample: 47
1.5546309450538833 2.8306569606520124
0.7297698502355631 1.759509394426234
0.7406795152549353 1.2863844095766332
-0.03660526979064249 1.7758465093455964
0.28432151710817255 1.4284568233915602
1.319188618462756 2.1870186767700375
The number of Errors: 6
Sample: 48
1.9874061750440568 0.28865346090186295
0.9410782242168938 1.1247225989986294
0.6471655883022954 2.3915676620526325
0.5837836966703245 1.6823126278451492
2.026018478894301 0.569095438992322
1.7978162732343168 0.42099022776712824
0.5035805389888136 2.561325840768276
0.9459201204229171 1.0402245081285255
2.349740140162999 0.17111399259707316
The number of Errors: 9
Sample: 49
0.31504217928405165 2.0874304510092747
0.5944055254019982 2.0861713750230537
1.2910349944085524 0.9600459101494063
2.2906473322454937 0.46369834813522437
0.6957786163966927 1.9314679480214016
1.9544770989404296 1.4891185847189046
2.580824084573739 0.8751844448858145
The number of Errors: 7
Sample: 50
1.1267630775395956 1.7194463874340917
0.9069438062644319 1.5931994466751602
1.7862064474062107 0.7221337472763085
1.8872435583612779 1.391235337113888
1.5156367471853753 1.649934414025315
The number of Errors: 5
Sample: 51
1.593612105053714 0.8090235760934299
2.102510086569081 0.9087829399648718
-0.3500891929318808 1.81708573989708
1.8308887765400408 0.22380431676018464
0.7514817190369047 0.8427467987353094
The number of Errors: 5
Sample: 52
1.9369439470883762 3.148845609804149
0.8892033123063152 1.1535969229092884
0.6379302920305912 1.0220297151879234
-1.4341334474565754 3.463322157184901
0.9267185440337635 3.1860709040184085
0.78529051999001 0.47020276696498264
The number of Errors: 6
Sample: 53
2.8887518161906343 -0.1320861063400165
0.879155600957068 1.7275340240274961
1.6844510910506445 1.777755468545712
1.8132686010752619 0.9335627603435377
2.77219056783644 1.0608483413697007
The number of Errors: 5
Sample: 54
1.0360465512781987 2.021651881468227
0.9970193776090523 1.8657793116494275
1.8406680863705562 2.7743127577926905
2.44880954572149 2.039281592597626
1.378136275578951 1.0367732394069078
1.2650346966740622 1.0228999067315871
1.1483977773838865 1.0032605403259347
1.5257489539048836 1.3842251280184896
The number of Errors: 8
Sample: 55
1.8976480544818466 1.0215941802512154
1.4473670631676299 0.715196470892876
1.1142883207772778 3.46900966873004
0.4370033592239124 3.0382810128387034
1.1038384184629386 1.2728551197819526
-0.4534481028570294 3.019076884426447
The number of Errors: 6
Sample: 56
2.3702726155500455 0.3885122303372789
1.8480708123227545 1.9804946543859077
0.9473769149236531 1.5692419180813268
1.9344308116566669 1.454917807370451
1.3054238918392114 0.22773654860426396
1.9763175105035438 0.4245693107043067
1.1551673411165833 2.383329124034625
The number of Errors: 7
Sample: 57
1.823874151145136 1.2769946278096695
1.1655931573076588 2.0137627557704363
0.32814952237872586 2.37502685469117
1.36428404282355 0.20252440776957892
1.4784752691709773 2.0437438705526554
2.880405281398185 -0.5596497705734695
1.7922874400822837 0.6377550495230873
1.2162939615355366 1.9521979686727762
2.612240360847243 -0.26365526812620377
1.6207833160939429 1.9818785688887108
The number of Errors: 10
Sample: 58
1.3972783665740878 1.8085236539076055
The number of Errors: 1
Sample: 59
2.076062445063615 1.074643798022057
2.0767780872955868 1.3450771143668647
1.0401226376528172 2.145228982727456
The number of Errors: 3
Sample: 60
3.595981501895316 0.20427805302064456
2.28798405335861 1.5256952379127848
1.3888214237360497 1.1279718228478322
1.6568802202483621 3.356466280614122
2.601819415817539 0.5401426389416386
The number of Errors: 5
Sample: 61
2.11400554434827 0.3348592241650512
0.5918683653600638 1.4589904938585887
2.675788922296334 1.0152096930771
2.3098511534694093 1.198074712599466
2.3012878759376134 0.9151910920884059
The number of Errors: 5
Sample: 62
1.4670636469983864 2.0209092006063885
0.9954680540579992 1.7259472363023005
The number of Errors: 2
Sample: 63
1.5725602334517794 1.7076635545803296
1.6819584587919063 1.090388477108267
2.0174437749153284 1.1798889614736643
The number of Errors: 3
Sample: 64
1.4017030749874315 1.7758875100834606
1.0260935873212733 1.1562331831486294
1.8191454562936118 1.7169212548444583
The number of Errors: 3
Sample: 65
-0.08830954727298268 3.1276055562177265
The number of Errors: 1
Sample: 66
2.307479681431085 1.4122776853520895
1.2199863032010096 0.3826092080893564
-0.07213600574781198 3.1165082254921064
The number of Errors: 3
Sample: 67
2.200069699622345 0.671983384083283
0.7726017389601947 1.7888461197809187
The number of Errors: 2
Sample: 68
2.03011014388514 1.503540735050446
The number of Errors: 1
Sample: 69
The number of Errors: 0
Sample: 70
1.6032750091730086 1.4567946801063685
The number of Errors: 1
Sample: 71
The number of Errors: 0
Sample: 72
1.2504049056965436 2.6382662369762477
The number of Errors: 1
Sample: 73
The number of Errors: 0
Sample: 74
The number of Errors: 0
Sample: 75
1.5765492021607024 2.5013315473075335
The number of Errors: 1
Sample: 76
0.6920160661915902 2.4086801931049235
1.5130283705780923 2.2677731497134648
The number of Errors: 2
Sample: 77
2.2124231058988775 1.5575865331552043
The number of Errors: 1
Sample: 78
The number of Errors: 0
Sample: 79
The number of Errors: 0
Sample: 80
2.2031504159802524 2.0171768120565647
The number of Errors: 1
Sample: 81
The number of Errors: 0
Sample: 82
The number of Errors: 0
Sample: 83
The number of Errors: 0
Sample: 84
The number of Errors: 0
Sample: 85
The number of Errors: 0
Sample: 86
The number of Errors: 0
Sample: 87
The number of Errors: 0
Sample: 88
The number of Errors: 0
Sample: 89
The number of Errors: 0
Sample: 90
2.4222734577487146 2.241336032019331
The number of Errors: 1
Sample: 91
The number of Errors: 0
Sample: 92
The number of Errors: 0
Sample: 93
The number of Errors: 0
Sample: 94
The number of Errors: 0
Sample: 95
The number of Errors: 0
Sample: 96
The number of Errors: 0
Sample: 97
The number of Errors: 0
Sample: 98
The number of Errors: 0
Sample: 99
The number of Errors: 0
